CpG context
===========
position	count methylated	count unmethylated	% methylation	coverage
1	4168730	835149	83.31	5003879
2	3355220	603101	84.76	3958321
3	3364210	684067	83.10	4048277
4	3948518	754347	83.96	4702865
5	3711189	726245	83.63	4437434
6	4005052	782470	83.66	4787522
7	3677433	719424	83.64	4396857
8	3944407	770183	83.66	4714590
9	3979370	766587	83.85	4745957
10	3835456	747217	83.69	4582673
11	3792022	741266	83.65	4533288
12	3870064	733934	84.06	4603998
13	3922462	764185	83.69	4686647
14	3971486	763334	83.88	4734820
15	3938131	758974	83.84	4697105
16	4066818	775053	83.99	4841871
17	4024886	771698	83.91	4796584
18	3994874	756139	84.08	4751013
19	3992210	782879	83.60	4775089
20	4070276	794390	83.67	4864666
21	4071354	796672	83.63	4868026
22	4110962	801284	83.69	4912246
23	4133680	808384	83.64	4942064
24	4163546	802325	83.84	4965871
25	4177879	805865	83.83	4983744
26	4091983	793918	83.75	4885901
27	4104916	799542	83.70	4904458
28	4117986	792862	83.85	4910848
29	4117587	790096	83.90	4907683
30	4199330	807235	83.88	5006565
31	4172034	799275	83.92	4971309
32	4209002	803825	83.96	5012827
33	4131581	790732	83.94	4922313
34	4086659	783256	83.92	4869915
35	4075278	781155	83.92	4856433
36	4117866	781850	84.04	4899716
37	4097813	783513	83.95	4881326
38	4076535	785206	83.85	4861741
39	4044492	781608	83.80	4826100
40	4069796	784720	83.84	4854516
41	3980705	764384	83.89	4745089
42	3956584	758623	83.91	4715207
43	3992857	765128	83.92	4757985
44	3979365	765219	83.87	4744584
45	3970855	760707	83.92	4731562
46	3952662	759807	83.88	4712469
47	3924260	753618	83.89	4677878
48	3878301	747881	83.83	4626182
49	3875499	749836	83.79	4625335
50	3802299	738352	83.74	4540651
51	3785485	734602	83.75	4520087
52	3786467	735394	83.74	4521861
53	3777654	734486	83.72	4512140
54	3798375	738316	83.73	4536691
55	3743077	730602	83.67	4473679
56	3734660	726234	83.72	4460894
57	3646367	712888	83.65	4359255
58	3613557	706607	83.64	4320164
59	3569087	700484	83.59	4269571
60	3548496	697106	83.58	4245602
61	3487450	695164	83.38	4182614
62	3451464	702372	83.09	4153836
63	3404700	719146	82.56	4123846
64	3352337	699314	82.74	4051651
65	3239964	693890	82.36	3933854
66	3176343	726534	81.38	3902877
67	3111555	712922	81.36	3824477
68	3052989	710373	81.12	3763362
69	2973931	701059	80.92	3674990
70	2897734	691399	80.74	3589133
71	2808989	677615	80.57	3486604
72	2736765	668649	80.37	3405414
73	2632710	654127	80.10	3286837
74	2549422	642729	79.87	3192151
75	2488219	634673	79.68	3122892
76	2422558	626041	79.46	3048599
77	2328704	613839	79.14	2942543
78	2247325	600506	78.91	2847831
79	2148017	588997	78.48	2737014
80	2054576	572654	78.20	2627230
81	1956899	558258	77.80	2515157
82	1851118	528026	77.81	2379144
83	1743299	514735	77.20	2258034
84	1631855	482552	77.18	2114407
85	1480497	453045	76.57	1933542
86	1356177	419981	76.35	1776158
87	804858	388882	67.42	1193740

CHG context
===========
position	count methylated	count unmethylated	% methylation	coverage
1	593846	19369912	2.97	19963758
2	699124	18877671	3.57	19576795
3	582518	19650379	2.88	20232897
4	610501	20499032	2.89	21109533
5	623674	19879836	3.04	20503510
6	671117	20538867	3.16	21209984
7	658393	20369327	3.13	21027720
8	661657	20826744	3.08	21488401
9	688183	20765362	3.21	21453545
10	642722	20274229	3.07	20916951
11	654559	20231504	3.13	20886063
12	661866	20559457	3.12	21221323
13	672346	20783331	3.13	21455677
14	678105	20839551	3.15	21517656
15	680182	21009759	3.14	21689941
16	700902	20875811	3.25	21576713
17	684456	20917774	3.17	21602230
18	677152	21172648	3.10	21849800
19	672078	21176857	3.08	21848935
20	707200	21220083	3.23	21927283
21	698816	21160292	3.20	21859108
22	701068	21246320	3.19	21947388
23	705393	21303880	3.20	22009273
24	729787	21631934	3.26	22361721
25	698870	21216205	3.19	21915075
26	700559	21177393	3.20	21877952
27	698112	21209646	3.19	21907758
28	694513	21243314	3.17	21937827
29	717547	21401845	3.24	22119392
30	708737	21292132	3.22	22000869
31	695371	21238835	3.17	21934206
32	700090	21235660	3.19	21935750
33	704623	21347407	3.20	22052030
34	693309	21122841	3.18	21816150
35	692397	21189840	3.16	21882237
36	693375	21044373	3.19	21737748
37	695301	21272161	3.17	21967462
38	700797	21140775	3.21	21841572
39	682924	21069726	3.14	21752650
40	683202	20907380	3.16	21590582
41	687249	20880589	3.19	21567838
42	688420	20909675	3.19	21598095
43	684078	20907472	3.17	21591550
44	678972	20710492	3.17	21389464
45	679220	20727305	3.17	21406525
46	672305	20616807	3.16	21289112
47	667394	20621033	3.14	21288427
48	667602	20505488	3.15	21173090
49	659709	20360653	3.14	21020362
50	651001	20261419	3.11	20912420
51	646283	20085944	3.12	20732227
52	646570	20004948	3.13	20651518
53	640194	19931759	3.11	20571953
54	635918	19812678	3.11	20448596
55	636867	19674332	3.14	20311199
56	638645	19596499	3.16	20235144
57	621688	19341111	3.11	19962799
58	609754	19125263	3.09	19735017
59	606847	19058753	3.09	19665600
60	597862	18808328	3.08	19406190
61	599925	18793625	3.09	19393550
62	595572	18603627	3.10	19199199
63	583502	18447955	3.07	19031457
64	576806	18214974	3.07	18791780
65	565754	17971367	3.05	18537121
66	548848	17780464	2.99	18329312
67	538935	17416948	3.00	17955883
68	528926	17136302	2.99	17665228
69	517837	16686129	3.01	17203966
70	502826	16239827	3.00	16742653
71	484235	15829978	2.97	16314213
72	474381	15490387	2.97	15964768
73	456970	15053287	2.95	15510257
74	449206	14649708	2.98	15098914
75	434280	14237306	2.96	14671586
76	419583	13838021	2.94	14257604
77	406825	13403260	2.95	13810085
78	389610	12944359	2.92	13333969
79	371737	12444320	2.90	12816057
80	356401	11961109	2.89	12317510
81	340343	11489936	2.88	11830279
82	321974	10962856	2.85	11284830
83	300733	10371810	2.82	10672543
84	282758	9792594	2.81	10075352
85	259855	9373294	2.70	9633149
86	199501	8010628	2.43	8210129
87	175123	8089034	2.12	8264157

CHH context
===========
position	count methylated	count unmethylated	% methylation	coverage
1	692245	57149242	1.20	57841487
2	774874	57667365	1.33	58442239
3	715983	59480526	1.19	60196509
4	715048	60415184	1.17	61130232
5	705350	59765630	1.17	60470980
6	783555	63493678	1.22	64277233
7	744185	60932205	1.21	61676390
8	759965	62406611	1.20	63166576
9	756094	61852785	1.21	62608879
10	740151	61043536	1.20	61783687
11	743859	60992001	1.20	61735860
12	757659	61032687	1.23	61790346
13	747978	60945172	1.21	61693150
14	753141	60820511	1.22	61573652
15	753086	60550292	1.23	61303378
16	761103	60726082	1.24	61487185
17	755611	60949031	1.22	61704642
18	753858	61213015	1.22	61966873
19	743780	60938110	1.21	61681890
20	843534	60547524	1.37	61391058
21	778583	60553858	1.27	61332441
22	777342	60675081	1.26	61452423
23	780926	60601818	1.27	61382744
24	794298	60174857	1.30	60969155
25	785432	59978431	1.29	60763863
26	779697	59845029	1.29	60624726
27	775825	60223116	1.27	60998941
28	779893	59773585	1.29	60553478
29	781454	59473224	1.30	60254678
30	777537	59636451	1.29	60413988
31	786012	59414800	1.31	60200812
32	789355	59315464	1.31	60104819
33	781287	59294528	1.30	60075815
34	765329	59318302	1.27	60083631
35	766187	59345293	1.27	60111480
36	780430	58987419	1.31	59767849
37	763961	59001460	1.28	59765421
38	764217	58923021	1.28	59687238
39	759293	58746047	1.28	59505340
40	765882	58699498	1.29	59465380
41	759176	58679009	1.28	59438185
42	759948	58548723	1.28	59308671
43	752272	58345664	1.27	59097936
44	765488	58262977	1.30	59028465
45	753115	58092437	1.28	58845552
46	748049	57976003	1.27	58724052
47	737968	57992123	1.26	58730091
48	739951	57977303	1.26	58717254
49	739477	57640482	1.27	58379959
50	729588	57577013	1.25	58306601
51	724996	57344998	1.25	58069994
52	720347	57159275	1.24	57879622
53	719318	56830523	1.25	57549841
54	717727	56686346	1.25	57404073
55	718615	56288424	1.26	57007039
56	715463	55967944	1.26	56683407
57	713358	55663489	1.27	56376847
58	702983	55434255	1.25	56137238
59	696975	55284380	1.25	55981355
60	691550	54895587	1.24	55587137
61	685264	54715159	1.24	55400423
62	684549	53496681	1.26	54181230
63	676182	53543381	1.25	54219563
64	662669	52944224	1.24	53606893
65	653150	52452247	1.23	53105397
66	634637	52072707	1.20	52707344
67	638100	51005897	1.24	51643997
68	610326	49915368	1.21	50525694
69	599804	48896144	1.21	49495948
70	587972	47764844	1.22	48352816
71	571947	46834051	1.21	47405998
72	566361	45639648	1.23	46206009
73	542268	44489321	1.20	45031589
74	529872	43284048	1.21	43813920
75	516793	42175589	1.21	42692382
76	499814	40963119	1.21	41462933
77	482678	39718575	1.20	40201253
78	465440	38439645	1.20	38905085
79	447721	37216711	1.19	37664432
80	435131	35930405	1.20	36365536
81	420802	34557415	1.20	34978217
82	394000	33084957	1.18	33478957
83	375306	31665657	1.17	32040963
84	355436	30198274	1.16	30553710
85	319842	28496872	1.11	28816714
86	279139	25748800	1.07	26027939
87	186539	24386780	0.76	24573319

