CpG context
===========
position	count methylated	count unmethylated	% methylation	coverage
1	3152041	510648	86.06	3662689
2	2619061	426679	85.99	3045740
3	2679501	499831	84.28	3179332
4	2698540	456305	85.54	3154845
5	2618224	460176	85.05	3078400
6	2729775	507413	84.33	3237188
7	2593094	466809	84.74	3059903
8	2714049	490200	84.70	3204249
9	2831316	500321	84.98	3331637
10	2763882	491048	84.91	3254930
11	2713456	484643	84.85	3198099
12	2759087	488342	84.96	3247429
13	2761497	487091	85.01	3248588
14	2824036	491591	85.17	3315627
15	2807914	493680	85.05	3301594
16	2907178	500799	85.31	3407977
17	2891396	500921	85.23	3392317
18	2878352	501479	85.16	3379831
19	2877264	500257	85.19	3377521
20	2927118	524338	84.81	3451456
21	2906667	521967	84.78	3428634
22	2935675	525065	84.83	3460740
23	2936720	523994	84.86	3460714
24	2959348	526931	84.89	3486279
25	2972715	526483	84.95	3499198
26	2944316	525852	84.85	3470168
27	2945145	526016	84.85	3471161
28	2952712	526172	84.88	3478884
29	2959203	526242	84.90	3485445
30	3011944	531794	84.99	3543738
31	3008789	530257	85.02	3539046
32	3040752	531853	85.11	3572605
33	3012090	531286	85.01	3543376
34	2969884	526395	84.94	3496279
35	2965536	526643	84.92	3492179
36	2974715	526237	84.97	3500952
37	2988670	528055	84.98	3516725
38	3015075	530878	85.03	3545953
39	3016900	529876	85.06	3546776
40	3056050	531338	85.19	3587388
41	3005776	527055	85.08	3532831
42	2994653	526279	85.05	3520932
43	3005517	527413	85.07	3532930
44	3003839	526692	85.08	3530531
45	3010161	526451	85.11	3536612
46	3025846	528204	85.14	3554050
47	3014165	526383	85.13	3540548
48	2991568	524843	85.07	3516411
49	3009833	524461	85.16	3534294
50	2988359	522565	85.12	3510924
51	2967053	520542	85.07	3487595
52	2977152	520099	85.13	3497251
53	2980708	519973	85.15	3500681
54	3004180	523182	85.17	3527362
55	2967781	519093	85.11	3486874
56	2973991	517622	85.18	3491613
57	2944416	517383	85.05	3461799
58	2956153	515185	85.16	3471338
59	2916760	513367	85.03	3430127
60	2915591	512765	85.04	3428356
61	2895451	508702	85.06	3404153
62	2921410	508284	85.18	3429694
63	2920780	508582	85.17	3429362
64	2913064	505313	85.22	3418377
65	2856691	500041	85.10	3356732
66	2825921	494891	85.10	3320812
67	2825385	496865	85.04	3322250
68	2827449	495662	85.08	3323111
69	2825201	494346	85.11	3319547
70	2819595	493967	85.09	3313562
71	2787892	485405	85.17	3273297
72	2789802	484093	85.21	3273895
73	2751507	482308	85.09	3233815
74	2724503	478754	85.05	3203257
75	2691612	473493	85.04	3165105
76	2664088	465889	85.12	3129977
77	2655426	464636	85.11	3120062
78	2658707	464477	85.13	3123184
79	2618770	458783	85.09	3077553
80	2553634	448638	85.06	3002272
81	2509937	438468	85.13	2948405
82	2507721	437579	85.14	2945300
83	2482948	436488	85.05	2919436
84	2431613	437144	84.76	2868757
85	2180751	400554	84.48	2581305

CHG context
===========
position	count methylated	count unmethylated	% methylation	coverage
1	822904	15636559	5.00	16459463
2	608035	14499700	4.02	15107735
3	456775	12354627	3.57	12811402
4	463411	13207583	3.39	13670994
5	456575	13890585	3.18	14347160
6	449167	14233884	3.06	14683051
7	464006	14242463	3.16	14706469
8	464323	14607311	3.08	15071634
9	500617	14674736	3.30	15175353
10	476945	14402082	3.21	14879027
11	468428	14206000	3.19	14674428
12	477127	14442951	3.20	14920078
13	480679	14553651	3.20	15034330
14	484270	14690261	3.19	15174531
15	485162	14819355	3.17	15304517
16	496921	14783705	3.25	15280626
17	491753	14755840	3.23	15247593
18	490461	14860194	3.20	15350655
19	489902	14961659	3.17	15451561
20	498985	15092966	3.20	15591951
21	500441	14998895	3.23	15499336
22	505520	15049350	3.25	15554870
23	508793	15058434	3.27	15567227
24	531050	15386960	3.34	15918010
25	518923	15154205	3.31	15673128
26	517207	15108601	3.31	15625808
27	514290	15091048	3.30	15605338
28	504316	15176169	3.22	15680485
29	521060	15313932	3.29	15834992
30	518747	15254437	3.29	15773184
31	514372	15218607	3.27	15732979
32	517852	15258859	3.28	15776711
33	514907	15267208	3.26	15782115
34	508200	15163587	3.24	15671787
35	505068	15170924	3.22	15675992
36	504748	15106800	3.23	15611548
37	517725	15235128	3.29	15752853
38	526327	15301352	3.33	15827679
39	516883	15298000	3.27	15814883
40	519580	15243775	3.30	15763355
41	518200	15135363	3.31	15653563
42	524258	15200292	3.33	15724550
43	520868	15271406	3.30	15792274
44	516250	15220005	3.28	15736255
45	515042	15311879	3.25	15826921
46	514778	15218799	3.27	15733577
47	511479	15254560	3.24	15766039
48	521096	15296948	3.29	15818044
49	519654	15298342	3.29	15817996
50	520197	15227365	3.30	15747562
51	512449	15108461	3.28	15620910
52	504782	15040853	3.25	15545635
53	506450	15143976	3.24	15650426
54	507178	15094202	3.25	15601380
55	507957	15091284	3.26	15599241
56	517884	15066141	3.32	15584025
57	505926	15065722	3.25	15571648
58	504631	14972351	3.26	15476982
59	496936	14885374	3.23	15382310
60	491385	14836333	3.21	15327718
61	494537	14842568	3.22	15337105
62	505876	14943619	3.27	15449495
63	500792	14894276	3.25	15395068
64	500626	14848571	3.26	15349197
65	496068	14713898	3.26	15209966
66	488149	14641098	3.23	15129247
67	487819	14654300	3.22	15142119
68	491827	14669200	3.24	15161027
69	488323	14612015	3.23	15100338
70	490364	14467097	3.28	14957461
71	479442	14324333	3.24	14803775
72	478147	14284630	3.24	14762777
73	473366	14185300	3.23	14658666
74	471071	14120469	3.23	14591540
75	465372	14036855	3.21	14502227
76	460516	13917415	3.20	14377931
77	460106	13860021	3.21	14320127
78	458000	13752201	3.22	14210201
79	447623	13526822	3.20	13974445
80	444610	13442934	3.20	13887544
81	433632	13278398	3.16	13712030
82	435114	13272929	3.17	13708043
83	433228	13165922	3.19	13599150
84	412837	12792878	3.13	13205715
85	410489	12710426	3.13	13120915

CHH context
===========
position	count methylated	count unmethylated	% methylation	coverage
1	1217455	37540860	3.14	38758315
2	740648	34922241	2.08	35662889
3	605169	37695358	1.58	38300527
4	601916	40929047	1.45	41530963
5	566347	43284950	1.29	43851297
6	562858	45069350	1.23	45632208
7	556430	43376660	1.27	43933090
8	551508	43804397	1.24	44355905
9	569712	43709132	1.29	44278844
10	558959	43227428	1.28	43786387
11	553703	43096505	1.27	43650208
12	562233	43185228	1.29	43747461
13	557282	42856075	1.28	43413357
14	554292	42824368	1.28	43378660
15	552103	42586652	1.28	43138755
16	557957	42519786	1.30	43077743
17	558755	42671023	1.29	43229778
18	554269	42791383	1.28	43345652
19	550687	42784723	1.27	43335410
20	573280	42575203	1.33	43148483
21	571262	42364571	1.33	42935833
22	582766	42530187	1.35	43112953
23	568681	42507069	1.32	43075750
24	567236	42262173	1.32	42829409
25	576923	42035507	1.35	42612430
26	560649	41941733	1.32	42502382
27	564549	42229870	1.32	42794419
28	564227	42029762	1.32	42593989
29	563980	41876144	1.33	42440124
30	565099	41876073	1.33	42441172
31	568573	41823206	1.34	42391779
32	569368	41796267	1.34	42365635
33	567237	41712221	1.34	42279458
34	563000	41708948	1.33	42271948
35	561147	41863282	1.32	42424429
36	561877	41853287	1.32	42415164
37	578655	41826812	1.36	42405467
38	564876	41897751	1.33	42462627
39	561115	41826216	1.32	42387331
40	571063	41825806	1.35	42396869
41	566191	41801210	1.34	42367401
42	563337	41872316	1.33	42435653
43	559749	41806953	1.32	42366702
44	563193	41886489	1.33	42449682
45	555384	41836549	1.31	42391933
46	560458	41836390	1.32	42396848
47	553876	41905705	1.30	42459581
48	559103	42012790	1.31	42571893
49	560267	41988733	1.32	42549000
50	568987	41872331	1.34	42441318
51	556622	41879965	1.31	42436587
52	555443	41909819	1.31	42465262
53	555023	41838046	1.31	42393069
54	559954	41925921	1.32	42485875
55	552912	41837452	1.30	42390364
56	569200	41745708	1.35	42314908
57	555861	41640900	1.32	42196761
58	555254	41590340	1.32	42145594
59	553041	41605032	1.31	42158073
60	550462	41793744	1.30	42344206
61	546067	41669516	1.29	42215583
62	545573	41564947	1.30	42110520
63	546314	41493903	1.30	42040217
64	548621	41392726	1.31	41941347
65	550401	41373508	1.31	41923909
66	539181	41403409	1.29	41942590
67	535724	41413845	1.28	41949569
68	552427	41152329	1.32	41704756
69	542079	41081711	1.30	41623790
70	549664	40828684	1.33	41378348
71	535572	40799229	1.30	41334801
72	532500	40704951	1.29	41237451
73	531504	40545908	1.29	41077412
74	525345	40422911	1.28	40948256
75	522850	40300119	1.28	40822969
76	513779	40056067	1.27	40569846
77	513004	39803979	1.27	40316983
78	511040	39546961	1.28	40058001
79	507586	39399981	1.27	39907567
80	510284	39264653	1.28	39774937
81	500935	38961999	1.27	39462934
82	495298	38510539	1.27	39005837
83	491800	38018420	1.28	38510220
84	473454	37744895	1.24	38218349
85	443970	36883168	1.19	37327138

