CpG context (R1)
================
position	count methylated	count unmethylated	% methylation	coverage
1	1281567	619583	67.41	1901150
2	958903	622277	60.64	1581180
3	1179705	654699	64.31	1834404
4	1476243	657107	69.20	2133350
5	1342084	618400	68.46	1960484
6	1423493	709682	66.73	2133175
7	1337534	642542	67.55	1980076
8	1465630	699193	67.70	2164823
9	1475980	708214	67.58	2184194
10	1436167	670358	68.18	2106525
11	1338987	668585	66.70	2007572
12	1384828	672352	67.32	2057180
13	1367006	673709	66.99	2040715
14	1376515	679104	66.96	2055619
15	1374176	683679	66.78	2057855
16	1448086	695530	67.55	2143616
17	1431972	696004	67.29	2127976
18	1399853	697994	66.73	2097847
19	1403738	697590	66.80	2101328
20	1436849	704759	67.09	2141608
21	1438646	708106	67.02	2146752
22	1436792	704584	67.10	2141376
23	1438722	706606	67.06	2145328
24	1451119	712270	67.08	2163389
25	1432123	705389	67.00	2137512
26	1403047	703880	66.59	2106927
27	1413964	705390	66.72	2119354
28	1420934	706436	66.79	2127370
29	1415931	705723	66.74	2121654
30	1447990	711589	67.05	2159579
31	1437875	708043	67.01	2145918
32	1468575	716217	67.22	2184792
33	1433235	711264	66.83	2144499
34	1408097	704149	66.66	2112246
35	1407807	704560	66.65	2112367
36	1450508	714847	66.99	2165355
37	1442640	711212	66.98	2153852
38	1442239	711652	66.96	2153891
39	1436970	711222	66.89	2148192
40	1464086	716112	67.15	2180198
41	1424989	708214	66.80	2133203
42	1425538	709799	66.76	2135337
43	1427296	707483	66.86	2134779
44	1440705	711039	66.96	2151744
45	1440095	711560	66.93	2151655
46	1440570	708092	67.04	2148662
47	1428221	706531	66.90	2134752
48	1423487	709109	66.75	2132596
49	1434455	709032	66.92	2143487
50	1422464	705002	66.86	2127466
51	1410856	707403	66.60	2118259
52	1429872	706998	66.91	2136870
53	1438769	710149	66.95	2148918
54	1457578	712264	67.17	2169842
55	1433208	708312	66.92	2141520
56	1450680	710119	67.14	2160799
57	1417193	704545	66.79	2121738
58	1428558	707094	66.89	2135652
59	1427978	705859	66.92	2133837
60	1432571	706402	66.97	2138973
61	1421435	701953	66.94	2123388
62	1437479	705494	67.08	2142973
63	1444940	704379	67.23	2149319
64	1432729	699675	67.19	2132404
65	1401008	695409	66.83	2096417
66	1396095	694659	66.77	2090754
67	1402401	694485	66.88	2096886
68	1419610	699055	67.00	2118665
69	1421667	697518	67.09	2119185
70	1417868	694851	67.11	2112719
71	1422925	694253	67.21	2117178
72	1420661	695314	67.14	2115975
73	1389226	688297	66.87	2077523
74	1389306	690440	66.80	2079746
75	1402638	688986	67.06	2091624
76	1410039	690156	67.14	2100195
77	1375967	684356	66.78	2060323
78	1391567	690303	66.84	2081870
79	1374332	682701	66.81	2057033
80	1381086	682287	66.93	2063373
81	1372508	680449	66.86	2052957
82	1365890	679064	66.79	2044954
83	1354151	676395	66.69	2030546
84	1356068	676873	66.70	2032941
85	1349460	673748	66.70	2023208
86	1357759	673983	66.83	2031742
87	1340835	672230	66.61	2013065
88	1350792	673105	66.74	2023897
89	1332227	667612	66.62	1999839
90	1315980	667305	66.35	1983285
91	1309175	662183	66.41	1971358
92	1295954	660536	66.24	1956490
93	1283309	656128	66.17	1939437
94	1283834	653083	66.28	1936917
95	1247362	644522	65.93	1891884
96	1230928	637104	65.89	1868032
97	1190810	623761	65.62	1814571
98	1136760	609072	65.11	1745832
99	894500	522475	63.13	1416975

CHG context (R1)
================
position	count methylated	count unmethylated	% methylation	coverage
1	17181	7065703	0.24	7082884
2	10407	7665641	0.14	7676048
3	9474	7320258	0.13	7329732
4	10199	7353030	0.14	7363229
5	9414	6937164	0.14	6946578
6	9728	7251825	0.13	7261553
7	9741	7356752	0.13	7366493
8	10267	7631280	0.13	7641547
9	10394	7464379	0.14	7474773
10	9730	7143624	0.14	7153354
11	9154	7178412	0.13	7187566
12	9210	7314938	0.13	7324148
13	9033	7341802	0.12	7350835
14	9095	7389634	0.12	7398729
15	9501	7569015	0.13	7578516
16	9473	7562089	0.13	7571562
17	9278	7501925	0.12	7511203
18	9295	7558814	0.12	7568109
19	9435	7660963	0.12	7670398
20	9827	7773803	0.13	7783630
21	9514	7699060	0.12	7708574
22	9779	7733909	0.13	7743688
23	9732	7710558	0.13	7720290
24	9918	7931522	0.12	7941440
25	9695	7711015	0.13	7720710
26	9704	7729910	0.13	7739614
27	9650	7745603	0.12	7755253
28	9662	7815343	0.12	7825005
29	10035	7872782	0.13	7882817
30	9807	7796475	0.13	7806282
31	9956	7799112	0.13	7809068
32	9994	7808409	0.13	7818403
33	9819	7823741	0.13	7833560
34	9751	7735250	0.13	7745001
35	9780	7777282	0.13	7787062
36	9738	7746974	0.13	7756712
37	9716	7846432	0.12	7856148
38	9964	7821625	0.13	7831589
39	9804	7829596	0.13	7839400
40	9883	7777575	0.13	7787458
41	9910	7742733	0.13	7752643
42	9674	7759846	0.12	7769520
43	9849	7843754	0.13	7853603
44	9600	7784463	0.12	7794063
45	9819	7833798	0.13	7843617
46	9646	7786770	0.12	7796416
47	9645	7783570	0.12	7793215
48	9867	7806906	0.13	7816773
49	9793	7792789	0.13	7802582
50	9740	7771430	0.13	7781170
51	10110	7746823	0.13	7756933
52	9597	7734619	0.12	7744216
53	9754	7757499	0.13	7767253
54	9911	7696993	0.13	7706904
55	9940	7704678	0.13	7714618
56	9676	7694071	0.13	7703747
57	9699	7677084	0.13	7686783
58	9569	7674918	0.12	7684487
59	9487	7677175	0.12	7686662
60	9499	7668069	0.12	7677568
61	9375	7696208	0.12	7705583
62	9741	7761998	0.13	7771739
63	9418	7709350	0.12	7718768
64	9582	7692851	0.12	7702433
65	12098	7627334	0.16	7639432
66	9429	7648637	0.12	7658066
67	9460	7674317	0.12	7683777
68	9466	7714819	0.12	7724285
69	9607	7677289	0.12	7686896
70	9485	7625003	0.12	7634488
71	9462	7601864	0.12	7611326
72	9446	7580600	0.12	7590046
73	9270	7520119	0.12	7529389
74	9377	7509579	0.12	7518956
75	9355	7510391	0.12	7519746
76	9267	7486977	0.12	7496244
77	9038	7486908	0.12	7495946
78	9081	7493312	0.12	7502393
79	8967	7413206	0.12	7422173
80	8839	7435905	0.12	7444744
81	8858	7399329	0.12	7408187
82	8985	7416629	0.12	7425614
83	8844	7374135	0.12	7382979
84	8916	7410052	0.12	7418968
85	8795	7444666	0.12	7453461
86	8880	7400467	0.12	7409347
87	8575	7398142	0.12	7406717
88	8690	7376140	0.12	7384830
89	8814	7343894	0.12	7352708
90	8396	7273247	0.12	7281643
91	8608	7276942	0.12	7285550
92	8520	7238534	0.12	7247054
93	8270	7217841	0.11	7226111
94	8224	7146816	0.11	7155040
95	8109	7092177	0.11	7100286
96	8120	7045064	0.12	7053184
97	7737	6966024	0.11	6973761
98	7585	6745635	0.11	6753220
99	6192	6425308	0.10	6431500

CHH context (R1)
================
position	count methylated	count unmethylated	% methylation	coverage
1	37114	17153511	0.22	17190625
2	22027	17499028	0.13	17521055
3	22060	17029571	0.13	17051631
4	22898	16647125	0.14	16670023
5	20976	16814483	0.12	16835459
6	22841	18023306	0.13	18046147
7	21768	17218985	0.13	17240753
8	22452	17383133	0.13	17405585
9	22799	17101477	0.13	17124276
10	22421	16885554	0.13	16907975
11	21544	17229755	0.12	17251299
12	21257	17550926	0.12	17572183
13	21393	17562074	0.12	17583467
14	21607	17705265	0.12	17726872
15	21460	17632502	0.12	17653962
16	21790	17610708	0.12	17632498
17	21798	17688474	0.12	17710272
18	22011	17769918	0.12	17791929
19	21688	17818629	0.12	17840317
20	22066	17669849	0.12	17691915
21	22028	17675134	0.12	17697162
22	21473	17764068	0.12	17785541
23	21814	17725923	0.12	17747737
24	21326	17576479	0.12	17597805
25	21711	17636611	0.12	17658322
26	21578	17619718	0.12	17641296
27	21836	17788164	0.12	17810000
28	21364	17564815	0.12	17586179
29	21654	17453189	0.12	17474843
30	21732	17524918	0.12	17546650
31	21454	17468221	0.12	17489675
32	21641	17472362	0.12	17494003
33	21435	17428307	0.12	17449742
34	21441	17535922	0.12	17557363
35	21651	17557536	0.12	17579187
36	21446	17439366	0.12	17460812
37	21549	17385601	0.12	17407150
38	21347	17439201	0.12	17460548
39	21529	17413904	0.12	17435433
40	21312	17357839	0.12	17379151
41	21158	17317096	0.12	17338254
42	21058	17363703	0.12	17384761
43	20967	17367660	0.12	17388627
44	20987	17379906	0.12	17400893
45	21124	17304746	0.12	17325870
46	21007	17331344	0.12	17352351
47	20987	17358931	0.12	17379918
48	21054	17407192	0.12	17428246
49	21076	17374345	0.12	17395421
50	21298	17375187	0.12	17396485
51	21474	17342563	0.12	17364037
52	20948	17379701	0.12	17400649
53	21034	17299692	0.12	17320726
54	21418	17307083	0.12	17328501
55	20929	17259764	0.12	17280693
56	21336	17345608	0.12	17366944
57	20715	17274863	0.12	17295578
58	20947	17285550	0.12	17306497
59	21457	17315390	0.12	17336847
60	21180	17385685	0.12	17406865
61	20955	17316903	0.12	17337858
62	21107	17283014	0.12	17304121
63	20490	17263803	0.12	17284293
64	20970	17239490	0.12	17260460
65	26874	17295916	0.16	17322790
66	20597	17367302	0.12	17387899
67	20828	17390634	0.12	17411462
68	20362	17314664	0.12	17335026
69	20846	17281323	0.12	17302169
70	20527	17152060	0.12	17172587
71	20398	17189262	0.12	17209660
72	20434	17162598	0.12	17183032
73	20123	17150532	0.12	17170655
74	20344	17112906	0.12	17133250
75	20803	17069430	0.12	17090233
76	19920	17027961	0.12	17047881
77	19639	16976180	0.12	16995819
78	19759	16950016	0.12	16969775
79	19674	16926709	0.12	16946383
80	19549	16913605	0.12	16933154
81	19661	16882981	0.12	16902642
82	19583	16825218	0.12	16844801
83	19236	16772547	0.11	16791783
84	19490	16816086	0.12	16835576
85	19410	16817578	0.12	16836988
86	19588	16750304	0.12	16769892
87	19011	16737867	0.11	16756878
88	19320	16694718	0.12	16714038
89	19194	16643189	0.12	16662383
90	19036	16658456	0.11	16677492
91	18855	16642748	0.11	16661603
92	18869	16599000	0.11	16617869
93	18510	16518090	0.11	16536600
94	18570	16502164	0.11	16520734
95	18116	16382226	0.11	16400342
96	17945	16315439	0.11	16333384
97	17238	16122276	0.11	16139514
98	16814	15778447	0.11	15795261
99	13471	15001291	0.09	15014762

CpG context (R2)
================
position	count methylated	count unmethylated	% methylation	coverage
1	190877	3817905	4.76	4008782
2	759369	1017197	42.74	1776566
3	834640	696705	54.50	1531345
4	1203199	708384	62.94	1911583
5	1461471	791092	64.88	2252563
6	1308768	657448	66.56	1966216
7	1397041	800451	63.57	2197492
8	1260973	689281	64.66	1950254
9	1335341	757285	63.81	2092626
10	1365153	763356	64.14	2128509
11	1371728	729517	65.28	2101245
12	1333878	711070	65.23	2044948
13	1341626	715660	65.21	2057286
14	1317745	707412	65.07	2025157
15	1333176	710739	65.23	2043915
16	1318011	711008	64.96	2029019
17	1379624	724199	65.58	2103823
18	1354526	720067	65.29	2074593
19	1336104	717515	65.06	2053619
20	1331820	715103	65.06	2046923
21	1369140	720082	65.53	2089222
22	1370945	721271	65.53	2092216
23	1361099	717348	65.49	2078447
24	1367447	719284	65.53	2086731
25	1377373	719438	65.69	2096811
26	1355012	713137	65.52	2068149
27	1340741	712249	65.31	2052990
28	1351295	713277	65.45	2064572
29	1352117	712507	65.49	2064624
30	1349936	709798	65.54	2059734
31	1367784	714179	65.70	2081963
32	1378893	715117	65.85	2094010
33	1402603	718304	66.13	2120907
34	1373997	713622	65.82	2087619
35	1359509	710884	65.66	2070393
36	1376844	713032	65.88	2089876
37	1395672	716964	66.06	2112636
38	1403136	719918	66.09	2123054
39	1411831	720690	66.20	2132521
40	1397900	717680	66.08	2115580
41	1433196	725058	66.41	2158254
42	1412894	717329	66.33	2130223
43	1408575	719335	66.20	2127910
44	1430806	721502	66.48	2152308
45	1451413	725402	66.68	2176815
46	1439778	719169	66.69	2158947
47	1432819	718044	66.62	2150863
48	1440701	719168	66.70	2159869
49	1434724	718999	66.62	2153723
50	1445620	721129	66.72	2166749
51	1430042	718160	66.57	2148202
52	1415393	714990	66.44	2130383
53	1432957	716177	66.68	2149134
54	1446813	717694	66.84	2164507
55	1447965	718751	66.83	2166716
56	1419101	714782	66.50	2133883
57	1440241	717118	66.76	2157359
58	1411944	709356	66.56	2121300
59	1428459	711165	66.76	2139624
60	1424979	710073	66.74	2135052
61	1434287	713321	66.79	2147608
62	1417952	708665	66.68	2126617
63	1430104	710923	66.80	2141027
64	1436654	712141	66.86	2148795
65	1430634	709948	66.83	2140582
66	1410660	704746	66.69	2115406
67	1406341	704699	66.62	2111040
68	1415621	705087	66.75	2120708
69	1426642	705736	66.90	2132378
70	1421244	704515	66.86	2125759
71	1433209	707904	66.94	2141113
72	1425617	703271	66.97	2128888
73	1430442	706507	66.94	2136949
74	1398542	697711	66.72	2096253
75	1405151	698476	66.80	2103627
76	1403653	699807	66.73	2103460
77	1418643	700980	66.93	2119623
78	1384620	693875	66.62	2078495
79	1391512	696271	66.65	2087783
80	1385398	693103	66.65	2078501
81	1388920	693820	66.69	2082740
82	1385481	692491	66.67	2077972
83	1384367	688235	66.79	2072602
84	1375602	689526	66.61	2065128
85	1381778	692093	66.63	2073871
86	1374728	686690	66.69	2061418
87	1374639	686303	66.70	2060942
88	1360698	685773	66.49	2046471
89	1361166	682324	66.61	2043490
90	1353707	681569	66.51	2035276
91	1343069	678628	66.43	2021697
92	1339587	675577	66.48	2015164
93	1332058	671489	66.48	2003547
94	1333504	670790	66.53	2004294
95	1332355	671483	66.49	2003838
96	1309854	665107	66.32	1974961
97	1282217	660265	66.01	1942482
98	1249476	649221	65.81	1898697
99	1221322	640890	65.58	1862212
100	1184835	604737	66.21	1789572
101	1011053	0	100.00	1011053

CHG context (R2)
================
position	count methylated	count unmethylated	% methylation	coverage
1	12017	6427481	0.19	6439498
2	11021	9202762	0.12	9213783
3	7265	7138790	0.10	7146055
4	9639	6803479	0.14	6813118
5	9940	7916131	0.13	7926071
6	9700	8215625	0.12	8225325
7	7766	6468378	0.12	6476144
8	9413	7957250	0.12	7966663
9	9250	7729100	0.12	7738350
10	9444	7761659	0.12	7771103
11	9505	7683158	0.12	7692663
12	8920	7536432	0.12	7545352
13	8736	7375534	0.12	7384270
14	8789	7446801	0.12	7455590
15	8934	7451454	0.12	7460388
16	8980	7464206	0.12	7473186
17	9247	7622483	0.12	7631730
18	9117	7649614	0.12	7658731
19	9114	7512930	0.12	7522044
20	9195	7617513	0.12	7626708
21	9476	7642176	0.12	7651652
22	9251	7751511	0.12	7760762
23	9216	7692107	0.12	7701323
24	9319	7759991	0.12	7769310
25	9221	7689989	0.12	7699210
26	9376	7930067	0.12	7939443
27	9226	7734965	0.12	7744191
28	9485	7789248	0.12	7798733
29	9222	7804568	0.12	7813790
30	9424	7889229	0.12	7898653
31	9475	7869065	0.12	7878540
32	9502	7849362	0.12	7858864
33	9487	7830143	0.12	7839630
34	9327	7816057	0.12	7825384
35	9309	7852290	0.12	7861599
36	9442	7738600	0.12	7748042
37	9526	7763428	0.12	7772954
38	9193	7762727	0.12	7771920
39	9365	7809743	0.12	7819108
40	9285	7782958	0.12	7792243
41	9395	7753696	0.12	7763091
42	9128	7749523	0.12	7758651
43	9344	7741267	0.12	7750611
44	9454	7742735	0.12	7752189
45	9486	7790853	0.12	7800339
46	9282	7765832	0.12	7775114
47	9375	7813989	0.12	7823364
48	9496	7761893	0.12	7771389
49	9445	7782998	0.12	7792443
50	9423	7768393	0.12	7777816
51	9248	7779713	0.12	7788961
52	9404	7771074	0.12	7780478
53	9385	7748929	0.12	7758314
54	9387	7753883	0.12	7763270
55	10103	7823245	0.13	7833348
56	9418	7776316	0.12	7785734
57	9366	7775861	0.12	7785227
58	9451	7793669	0.12	7803120
59	9596	7784724	0.12	7794320
60	9506	7761186	0.12	7770692
61	9557	7772534	0.12	7782091
62	9511	7762238	0.12	7771749
63	9347	7749130	0.12	7758477
64	9712	7804350	0.12	7814062
65	9531	7755024	0.12	7764555
66	9299	7748547	0.12	7757846
67	9311	7699676	0.12	7708987
68	9448	7709248	0.12	7718696
69	9262	7695498	0.12	7704760
70	9515	7734444	0.12	7743959
71	9160	7706961	0.12	7716121
72	9156	7707308	0.12	7716464
73	9410	7684096	0.12	7693506
74	9216	7688504	0.12	7697720
75	9337	7622195	0.12	7631532
76	8978	7637473	0.12	7646451
77	9169	7647315	0.12	7656484
78	9179	7659666	0.12	7668845
79	9019	7619912	0.12	7628931
80	8949	7651973	0.12	7660922
81	9185	7561107	0.12	7570292
82	9062	7575051	0.12	7584113
83	8843	7515297	0.12	7524140
84	8874	7545833	0.12	7554707
85	8798	7492965	0.12	7501763
86	8980	7510244	0.12	7519224
87	8999	7513317	0.12	7522316
88	8921	7498511	0.12	7507432
89	8777	7478695	0.12	7487472
90	8719	7466741	0.12	7475460
91	8817	7454382	0.12	7463199
92	8714	7401817	0.12	7410531
93	8773	7396122	0.12	7404895
94	8788	7376590	0.12	7385378
95	8544	7338941	0.12	7347485
96	8609	7297964	0.12	7306573
97	8282	7231746	0.11	7240028
98	8120	7169160	0.11	7177280
99	7739	7052450	0.11	7060189
100	6898	6694133	0.10	6701031
101	5439	0	100.00	5439

CHH context (R2)
================
position	count methylated	count unmethylated	% methylation	coverage
1	33542	17563398	0.19	17596940
2	21547	18532461	0.12	18554008
3	21767	19400774	0.11	19422541
4	25039	19547737	0.13	19572776
5	23766	20825910	0.11	20849676
6	23347	20470416	0.11	20493763
7	22717	19517038	0.12	19539755
8	20997	18402222	0.11	18423219
9	21576	19215123	0.11	19236699
10	22609	19403435	0.12	19426044
11	22778	19186762	0.12	19209540
12	21662	18826308	0.11	18847970
13	21674	18779060	0.12	18800734
14	21470	18683573	0.11	18705043
15	21277	18658457	0.11	18679734
16	20781	18551406	0.11	18572187
17	21133	18528065	0.11	18549198
18	21019	18524642	0.11	18545661
19	21094	18583791	0.11	18604885
20	21114	18558188	0.11	18579302
21	22072	18556535	0.12	18578607
22	21117	18498771	0.11	18519888
23	20895	18576414	0.11	18597309
24	21275	18546829	0.11	18568104
25	21440	18547483	0.12	18568923
26	20930	18461918	0.11	18482848
27	20941	18704242	0.11	18725183
28	21333	18590557	0.11	18611890
29	21135	18678587	0.11	18699722
30	20875	18646332	0.11	18667207
31	21247	18718833	0.11	18740080
32	21661	18680755	0.12	18702416
33	21530	18731673	0.11	18753203
34	21573	18606673	0.12	18628246
35	21146	18617903	0.11	18639049
36	21183	18659600	0.11	18680783
37	21428	18560914	0.12	18582342
38	21666	18595037	0.12	18616703
39	21874	18467240	0.12	18489114
40	21759	18521203	0.12	18542962
41	21812	18490669	0.12	18512481
42	21390	18554800	0.12	18576190
43	21739	18469630	0.12	18491369
44	21499	18385090	0.12	18406589
45	21426	18401222	0.12	18422648
46	21380	18436362	0.12	18457742
47	21029	18293982	0.11	18315011
48	21126	18332967	0.12	18354093
49	21449	18261879	0.12	18283328
50	21429	18189143	0.12	18210572
51	21248	18184022	0.12	18205270
52	21176	18205133	0.12	18226309
53	21093	18122354	0.12	18143447
54	21066	18158648	0.12	18179714
55	22117	18213378	0.12	18235495
56	20671	18097589	0.11	18118260
57	21036	18098708	0.12	18119744
58	20801	18018029	0.12	18038830
59	21053	18080341	0.12	18101394
60	20827	17944086	0.12	17964913
61	20680	17983578	0.11	18004258
62	20641	17887615	0.12	17908256
63	20620	17884733	0.12	17905353
64	20524	17793641	0.12	17814165
65	20761	17879489	0.12	17900250
66	20436	17778013	0.11	17798449
67	20649	17869371	0.12	17890020
68	20515	17731131	0.12	17751646
69	20455	17736551	0.12	17757006
70	20435	17726025	0.12	17746460
71	20658	17763749	0.12	17784407
72	20400	17676029	0.12	17696429
73	20643	17709732	0.12	17730375
74	20263	17666035	0.11	17686298
75	20144	17669334	0.11	17689478
76	20222	17571466	0.11	17591688
77	20105	17607926	0.11	17628031
78	20273	17590786	0.12	17611059
79	20037	17601600	0.11	17621637
80	19950	17539908	0.11	17559858
81	20107	17551120	0.11	17571227
82	20400	17471157	0.12	17491557
83	20489	17457070	0.12	17477559
84	20062	17426732	0.11	17446794
85	19819	17331229	0.11	17351048
86	20069	17294924	0.12	17314993
87	19980	17243212	0.12	17263192
88	19573	17223859	0.11	17243432
89	19705	17114308	0.12	17134013
90	19509	17043224	0.11	17062733
91	19257	16915235	0.11	16934492
92	19428	16880457	0.11	16899885
93	19201	16732031	0.11	16751232
94	19289	16677063	0.12	16696352
95	19288	16559868	0.12	16579156
96	18773	16502458	0.11	16521231
97	18351	16367258	0.11	16385609
98	18037	16208570	0.11	16226607
99	17016	16002450	0.11	16019466
100	14989	15226497	0.10	15241486
101	11249	0	100.00	11249

