CpG context (R1)
================
position	count methylated	count unmethylated	% methylation	coverage
1	1447878	436882	76.82	1884760
2	1244532	389562	76.16	1634094
3	1467803	463433	76.00	1931236
4	1614507	462048	77.75	2076555
5	1505552	426010	77.94	1931562
6	1622927	472125	77.46	2095052
7	1515982	423468	78.17	1939450
8	1627654	449941	78.34	2077595
9	1657503	463815	78.14	2121318
10	1632811	441683	78.71	2074494
11	1500596	447309	77.04	1947905
12	1551604	450151	77.51	2001755
13	1524312	446305	77.35	1970617
14	1538413	450083	77.37	1988496
15	1514686	452641	76.99	1967327
16	1600207	457481	77.77	2057688
17	1558381	457057	77.32	2015438
18	1547973	459855	77.10	2007828
19	1543523	459434	77.06	2002957
20	1578723	463206	77.32	2041929
21	1562003	463442	77.12	2025445
22	1570878	462082	77.27	2032960
23	1557356	461528	77.14	2018884
24	1567282	465004	77.12	2032286
25	1557743	461430	77.15	2019173
26	1539338	462126	76.91	2001464
27	1541714	463646	76.88	2005360
28	1539014	460890	76.95	1999904
29	1538838	461529	76.93	2000367
30	1568021	464463	77.15	2032484
31	1556672	462672	77.09	2019344
32	1588364	465862	77.32	2054226
33	1543239	464219	76.88	2007458
34	1529758	461697	76.82	1991455
35	1529299	462294	76.79	1991593
36	1552801	465893	76.92	2018694
37	1560177	464740	77.05	2024917
38	1564461	464577	77.10	2029038
39	1546475	465131	76.88	2011606
40	1574799	465669	77.18	2040468
41	1536817	462977	76.85	1999794
42	1533431	464267	76.76	1997698
43	1551033	465355	76.92	2016388
44	1557734	464173	77.04	2021907
45	1557787	465321	77.00	2023108
46	1551286	463156	77.01	2014442
47	1540016	462816	76.89	2002832
48	1541276	465351	76.81	2006627
49	1549129	464883	76.92	2014012
50	1539104	463280	76.86	2002384
51	1525217	463963	76.68	1989180
52	1529662	462597	76.78	1992259
53	1533676	463644	76.79	1997320
54	1559585	465627	77.01	2025212
55	1532061	462212	76.82	1994273
56	1549142	462783	77.00	2011925
57	1511894	462159	76.59	1974053
58	1532356	460969	76.87	1993325
59	1513701	459167	76.73	1972868
60	1521442	463033	76.67	1984475
61	1513294	458427	76.75	1971721
62	1524108	459387	76.84	1983495
63	1519118	459649	76.77	1978767
64	1514518	457298	76.81	1971816
65	1477636	454554	76.47	1932190
66	1475065	454963	76.43	1930028
67	1477980	453003	76.54	1930983
68	1486546	454500	76.58	1941046
69	1483513	454213	76.56	1937726
70	1482362	452210	76.62	1934572
71	1479200	450212	76.67	1929412
72	1479626	452492	76.58	1932118
73	1449844	447493	76.41	1897337
74	1444919	447227	76.36	1892146
75	1459062	446665	76.56	1905727
76	1446892	445531	76.46	1892423
77	1419127	442857	76.22	1861984
78	1430417	445245	76.26	1875662
79	1408985	442481	76.10	1851466
80	1417015	439856	76.31	1856871
81	1399128	439286	76.11	1838414
82	1394058	437872	76.10	1831930
83	1379833	435671	76.00	1815504
84	1374676	436328	75.91	1811004
85	1364695	433257	75.90	1797952
86	1364549	432068	75.95	1796617
87	1344984	429810	75.78	1774794
88	1350217	426140	76.01	1776357
89	1327313	426164	75.70	1753477
90	1308113	424731	75.49	1732844
91	1299562	422272	75.48	1721834
92	1279358	417598	75.39	1696956
93	1255211	414829	75.16	1670040
94	1249316	413571	75.13	1662887
95	1195882	406363	74.64	1602245
96	1163649	403254	74.26	1566903
97	1081821	393890	73.31	1475711
98	1027753	387521	72.62	1415274
99	822513	338074	70.87	1160587

CHG context (R1)
================
position	count methylated	count unmethylated	% methylation	coverage
1	199256	7513510	2.58	7712766
2	209843	7707791	2.65	7917634
3	178668	7524353	2.32	7703021
4	193370	7846216	2.41	8039586
5	191944	7580122	2.47	7772066
6	205387	7724876	2.59	7930263
7	204077	7658788	2.60	7862865
8	207714	7940977	2.55	8148691
9	212871	7745134	2.67	7958005
10	206333	7500973	2.68	7707306
11	192070	7581384	2.47	7773454
12	194500	7764727	2.44	7959227
13	195753	7766318	2.46	7962071
14	198072	7771287	2.49	7969359
15	197712	7952596	2.43	8150308
16	200703	7932635	2.47	8133338
17	197301	7878652	2.44	8075953
18	199970	7953524	2.45	8153494
19	200198	8022422	2.43	8222620
20	203658	8077483	2.46	8281141
21	206094	8068927	2.49	8275021
22	205678	8098201	2.48	8303879
23	203002	8087852	2.45	8290854
24	211914	8327466	2.48	8539380
25	204293	8110835	2.46	8315128
26	204948	8114176	2.46	8319124
27	203456	8115979	2.45	8319435
28	206435	8179477	2.46	8385912
29	209835	8232443	2.49	8442278
30	208514	8181061	2.49	8389575
31	207448	8168798	2.48	8376246
32	209576	8198291	2.49	8407867
33	209518	8197916	2.49	8407434
34	206696	8133457	2.48	8340153
35	206680	8171232	2.47	8377912
36	206335	8152372	2.47	8358707
37	209120	8246734	2.47	8455854
38	210703	8204012	2.50	8414715
39	206679	8191018	2.46	8397697
40	208820	8160377	2.50	8369197
41	207590	8121863	2.49	8329453
42	207649	8159564	2.48	8367213
43	208982	8240557	2.47	8449539
44	206467	8172554	2.46	8379021
45	208248	8210209	2.47	8418457
46	207331	8164523	2.48	8371854
47	206202	8188428	2.46	8394630
48	207301	8169625	2.47	8376926
49	207603	8138273	2.49	8345876
50	206824	8129690	2.48	8336514
51	205976	8092151	2.48	8298127
52	204312	8068380	2.47	8272692
53	206231	8137075	2.47	8343306
54	205220	8051444	2.49	8256664
55	205703	8062180	2.49	8267883
56	206129	8054375	2.50	8260504
57	203161	8022047	2.47	8225208
58	203390	7988341	2.48	8191731
59	203100	7991389	2.48	8194489
60	201982	7975368	2.47	8177350
61	202645	8006211	2.47	8208856
62	204586	8071243	2.47	8275829
63	202749	8010219	2.47	8212968
64	205150	7976569	2.51	8181719
65	201297	7908876	2.48	8110173
66	202004	7911977	2.49	8113981
67	201390	7925662	2.48	8127052
68	204114	7952943	2.50	8157057
69	203226	7899208	2.51	8102434
70	201468	7826583	2.51	8028051
71	198865	7803469	2.49	8002334
72	200108	7792743	2.50	7992851
73	198936	7741478	2.51	7940414
74	198082	7710651	2.50	7908733
75	197385	7684171	2.50	7881556
76	195926	7642372	2.50	7838298
77	195717	7633528	2.50	7829245
78	194648	7629584	2.49	7824232
79	194873	7557074	2.51	7751947
80	192129	7574402	2.47	7766531
81	190582	7513593	2.47	7704175
82	190321	7513121	2.47	7703442
83	188026	7442958	2.46	7630984
84	187437	7469081	2.45	7656518
85	187709	7463683	2.45	7651392
86	187039	7423822	2.46	7610861
87	185191	7397997	2.44	7583188
88	183645	7339644	2.44	7523289
89	181769	7290809	2.43	7472578
90	179220	7224352	2.42	7403572
91	180337	7209175	2.44	7389512
92	178536	7148696	2.44	7327232
93	177482	7121103	2.43	7298585
94	173790	7014497	2.42	7188287
95	170203	6940222	2.39	7110425
96	165854	6864807	2.36	7030661
97	160694	6795836	2.31	6956530
98	153086	6703041	2.23	6856127
99	152029	6290748	2.36	6442777

CHH context (R1)
================
position	count methylated	count unmethylated	% methylation	coverage
1	596539	19037707	3.04	19634246
2	630291	18917691	3.22	19547982
3	573761	19478306	2.86	20052067
4	652895	19714009	3.21	20366904
5	610662	19396668	3.05	20007330
6	693347	20476474	3.28	21169821
7	672344	19480173	3.34	20152517
8	683569	19700918	3.35	20384487
9	686272	19436581	3.41	20122853
10	682606	19326365	3.41	20008971
11	644580	19996657	3.12	20641237
12	654287	20347599	3.12	21001886
13	657828	20310789	3.14	20968617
14	663999	20485675	3.14	21149674
15	663448	20410742	3.15	21074190
16	676539	20479314	3.20	21155853
17	672289	20543076	3.17	21215365
18	673910	20663160	3.16	21337070
19	670229	20657812	3.14	21328041
20	670021	20587380	3.15	21257401
21	666739	20604231	3.13	21270970
22	666373	20760375	3.11	21426748
23	664131	20680277	3.11	21344408
24	664074	20576732	3.13	21240806
25	662949	20598946	3.12	21261895
26	657020	20586257	3.09	21243277
27	661013	20795821	3.08	21456834
28	659898	20623409	3.10	21283307
29	658243	20569339	3.10	21227582
30	663555	20616333	3.12	21279888
31	669149	20550526	3.15	21219675
32	673344	20500565	3.18	21173909
33	669373	20505064	3.16	21174437
34	663233	20617600	3.12	21280833
35	668923	20653920	3.14	21322843
36	664865	20494383	3.14	21159248
37	662243	20470187	3.13	21132430
38	669001	20532681	3.16	21201682
39	665769	20486737	3.15	21152506
40	672901	20475550	3.18	21148451
41	665806	20468227	3.15	21134033
42	663083	20496226	3.13	21159309
43	664865	20501371	3.14	21166236
44	660018	20546115	3.11	21206133
45	660533	20447491	3.13	21108024
46	657331	20457346	3.11	21114677
47	655152	20498426	3.10	21153578
48	660327	20541644	3.11	21201971
49	661663	20498267	3.13	21159930
50	662593	20498972	3.13	21161565
51	661530	20490289	3.13	21151819
52	659985	20502270	3.12	21162255
53	658606	20452512	3.12	21111118
54	661013	20479571	3.13	21140584
55	659286	20341842	3.14	21001128
56	664626	20433445	3.15	21098071
57	662235	20357050	3.15	21019285
58	664600	20381841	3.16	21046441
59	664034	20401209	3.15	21065243
60	665077	20511413	3.14	21176490
61	660517	20417444	3.13	21077961
62	657036	20359950	3.13	21016986
63	657486	20311121	3.14	20968607
64	660535	20266043	3.16	20926578
65	658186	20274067	3.14	20932253
66	655597	20338653	3.12	20994250
67	652116	20317872	3.11	20969988
68	652199	20217203	3.13	20869402
69	651224	20167600	3.13	20818824
70	646248	20041522	3.12	20687770
71	644940	20052129	3.12	20697069
72	647732	20003738	3.14	20651470
73	642974	19915234	3.13	20558208
74	635174	19823000	3.10	20458174
75	636265	19756313	3.12	20392578
76	629493	19697209	3.10	20326702
77	626188	19642544	3.09	20268732
78	623486	19573965	3.09	20197451
79	626227	19504892	3.11	20131119
80	621127	19465864	3.09	20086991
81	613487	19380759	3.07	19994246
82	610782	19291723	3.07	19902505
83	605950	19183274	3.06	19789224
84	600658	19186806	3.04	19787464
85	599894	19136491	3.04	19736385
86	597070	19012053	3.04	19609123
87	592825	18920874	3.04	19513699
88	592244	18851077	3.05	19443321
89	586380	18750918	3.03	19337298
90	583710	18745814	3.02	19329524
91	579759	18661539	3.01	19241298
92	576089	18560509	3.01	19136598
93	569708	18412550	3.00	18982258
94	565759	18309617	3.00	18875376
95	555291	18168212	2.97	18723503
96	554130	18074941	2.97	18629071
97	536803	17855408	2.92	18392211
98	491792	17621591	2.72	18113383
99	436681	16802844	2.53	17239525

CpG context (R2)
================
position	count methylated	count unmethylated	% methylation	coverage
1	170725	3204540	5.06	3375265
2	737141	912095	44.70	1649236
3	953023	511373	65.08	1464396
4	1285555	540123	70.42	1825678
5	1503601	567435	72.60	2071036
6	1407920	480233	74.57	1888153
7	1535530	545697	73.78	2081227
8	1382464	482120	74.14	1864584
9	1433799	506153	73.91	1939952
10	1444397	515547	73.70	1959944
11	1476574	506229	74.47	1982803
12	1440511	493758	74.47	1934269
13	1460073	497979	74.57	1958052
14	1427219	491552	74.38	1918771
15	1449298	492541	74.64	1941839
16	1423819	490522	74.38	1914341
17	1500991	495994	75.16	1996985
18	1466414	489952	74.96	1956366
19	1460259	493852	74.73	1954111
20	1455592	489219	74.84	1944811
21	1495294	491967	75.24	1987261
22	1480616	489609	75.15	1970225
23	1481685	488990	75.19	1970675
24	1486823	486626	75.34	1973449
25	1488627	487080	75.35	1975707
26	1480598	485004	75.33	1965602
27	1466438	482504	75.24	1948942
28	1473210	482438	75.33	1955648
29	1470725	482002	75.32	1952727
30	1469897	481136	75.34	1951033
31	1492873	482955	75.56	1975828
32	1495754	480813	75.67	1976567
33	1514395	481120	75.89	1995515
34	1490851	481126	75.60	1971977
35	1472921	478710	75.47	1951631
36	1493871	479335	75.71	1973206
37	1498715	480878	75.71	1979593
38	1513642	480014	75.92	1993656
39	1532239	479946	76.15	2012185
40	1507518	478687	75.90	1986205
41	1544107	481284	76.24	2025391
42	1509411	476400	76.01	1985811
43	1512923	476511	76.05	1989434
44	1533005	476354	76.29	2009359
45	1544354	475956	76.44	2020310
46	1540236	476932	76.36	2017168
47	1531529	473679	76.38	2005208
48	1531391	472966	76.40	2004357
49	1530934	473304	76.38	2004238
50	1543090	474525	76.48	2017615
51	1532712	469251	76.56	2001963
52	1514033	468658	76.36	1982691
53	1515951	467907	76.41	1983858
54	1525784	467888	76.53	1993672
55	1533311	466498	76.67	1999809
56	1512524	465688	76.46	1978212
57	1523633	463089	76.69	1986722
58	1498090	461814	76.44	1959904
59	1515256	461800	76.64	1977056
60	1501151	460095	76.54	1961246
61	1509991	460016	76.65	1970007
62	1493602	457235	76.56	1950837
63	1505479	455745	76.76	1961224
64	1506308	455045	76.80	1961353
65	1498105	453240	76.77	1951345
66	1473814	450198	76.60	1924012
67	1471304	450076	76.58	1921380
68	1475071	446609	76.76	1921680
69	1481720	445829	76.87	1927549
70	1476756	446027	76.80	1922783
71	1489774	444667	77.01	1934441
72	1478415	442421	76.97	1920836
73	1480114	440896	77.05	1921010
74	1453491	439395	76.79	1892886
75	1447469	436700	76.82	1884169
76	1451535	438184	76.81	1889719
77	1452621	435862	76.92	1888483
78	1424155	432188	76.72	1856343
79	1436777	433247	76.83	1870024
80	1418870	429980	76.74	1848850
81	1425163	427890	76.91	1853053
82	1413308	428215	76.75	1841523
83	1411739	425679	76.83	1837418
84	1399162	421635	76.84	1820797
85	1398055	422171	76.81	1820226
86	1388977	419139	76.82	1808116
87	1387430	416799	76.90	1804229
88	1367693	415042	76.72	1782735
89	1369743	413561	76.81	1783304
90	1355944	411211	76.73	1767155
91	1347504	409132	76.71	1756636
92	1343068	406793	76.75	1749861
93	1328049	401209	76.80	1729258
94	1323354	400738	76.76	1724092
95	1328858	398865	76.91	1727723
96	1299628	393652	76.75	1693280
97	1280415	391775	76.57	1672190
98	1250741	386514	76.39	1637255
99	1229360	380338	76.37	1609698
100	1200551	360506	76.91	1561057
101	1086536	0	100.00	1086536

CHG context (R2)
================
position	count methylated	count unmethylated	% methylation	coverage
1	52860	6083693	0.86	6136553
2	153697	9800418	1.54	9954115
3	157065	7555174	2.04	7712239
4	185496	6915703	2.61	7101199
5	183966	7973166	2.26	8157132
6	204252	8489241	2.35	8693493
7	166396	7221122	2.25	7387518
8	204371	8283661	2.41	8488032
9	195115	7954477	2.39	8149592
10	193815	7975123	2.37	8168938
11	192916	7940995	2.37	8133911
12	190922	7901278	2.36	8092200
13	191717	7779570	2.41	7971287
14	193917	7910597	2.39	8104514
15	194391	7872924	2.41	8067315
16	195186	7854281	2.42	8049467
17	201849	7988423	2.46	8190272
18	198450	8012910	2.42	8211360
19	197014	7911074	2.43	8108088
20	199949	8014979	2.43	8214928
21	202049	8026937	2.46	8228986
22	201335	8096087	2.43	8297422
23	202390	8090607	2.44	8292997
24	203056	8153541	2.43	8356597
25	203509	8102043	2.45	8305552
26	210123	8336578	2.46	8546701
27	205595	8145731	2.46	8351326
28	208471	8163726	2.49	8372197
29	208205	8161152	2.49	8369357
30	210704	8211255	2.50	8421959
31	209463	8239389	2.48	8448852
32	209014	8225047	2.48	8434061
33	208755	8193756	2.48	8402511
34	209226	8206508	2.49	8415734
35	209372	8211153	2.49	8420525
36	210540	8122204	2.53	8332744
37	208657	8135128	2.50	8343785
38	207849	8138754	2.49	8346603
39	209987	8207701	2.49	8417688
40	207160	8185174	2.47	8392334
41	206476	8131256	2.48	8337732
42	204893	8125233	2.46	8330126
43	205177	8096608	2.47	8301785
44	207236	8134520	2.48	8341756
45	207533	8166125	2.48	8373658
46	205423	8134776	2.46	8340199
47	207956	8166649	2.48	8374605
48	205081	8115668	2.46	8320749
49	205796	8136541	2.47	8342337
50	203504	8117875	2.45	8321379
51	202700	8082393	2.45	8285093
52	202727	8086695	2.45	8289422
53	202604	8059247	2.45	8261851
54	201669	8035257	2.45	8236926
55	205700	8134766	2.47	8340466
56	203448	8072624	2.46	8276072
57	203919	8068982	2.46	8272901
58	202908	8065494	2.45	8268402
59	203523	8048996	2.47	8252519
60	202552	8006337	2.47	8208889
61	202080	7993934	2.47	8196014
62	201063	7966670	2.46	8167733
63	201245	7963552	2.46	8164797
64	202315	8021134	2.46	8223449
65	202458	7967240	2.48	8169698
66	201605	7944780	2.47	8146385
67	199673	7874308	2.47	8073981
68	198965	7866980	2.47	8065945
69	198075	7846489	2.46	8044564
70	197981	7866732	2.45	8064713
71	198326	7828813	2.47	8027139
72	196360	7777884	2.46	7974244
73	195567	7759093	2.46	7954660
74	196200	7765094	2.46	7961294
75	196105	7690917	2.49	7887022
76	194237	7668326	2.47	7862563
77	194036	7660210	2.47	7854246
78	193090	7639727	2.47	7832817
79	192850	7606947	2.47	7799797
80	193996	7625426	2.48	7819422
81	192359	7530555	2.49	7722914
82	191674	7535070	2.48	7726744
83	190310	7463861	2.49	7654171
84	191075	7467566	2.49	7658641
85	188552	7390212	2.49	7578764
86	189841	7394956	2.50	7584797
87	189243	7376402	2.50	7565645
88	186863	7356350	2.48	7543213
89	186306	7316816	2.48	7503122
90	185333	7274908	2.48	7460241
91	183640	7237032	2.47	7420672
92	182262	7183623	2.47	7365885
93	181350	7167908	2.47	7349258
94	180245	7127270	2.47	7307515
95	177958	7091444	2.45	7269402
96	175809	7031500	2.44	7207309
97	173162	6957400	2.43	7130562
98	171623	6891336	2.43	7062959
99	166984	6812579	2.39	6979563
100	151918	6488947	2.29	6640865
101	129709	0	100.00	129709

CHH context (R2)
================
position	count methylated	count unmethylated	% methylation	coverage
1	156582	17751219	0.87	17907801
2	398524	21120919	1.85	21519443
3	592005	22646052	2.55	23238057
4	672770	22408355	2.91	23081125
5	627891	23504625	2.60	24132516
6	693615	23226365	2.90	23919980
7	661118	22744674	2.82	23405792
8	687471	21728675	3.07	22416146
9	676380	22302502	2.94	22978882
10	678954	22381109	2.94	23060063
11	686766	22189902	3.00	22876668
12	678861	21746876	3.03	22425737
13	677425	21614111	3.04	22291536
14	669729	21559473	3.01	22229202
15	663882	21606218	2.98	22270100
16	665132	21532350	3.00	22197482
17	665241	21507169	3.00	22172410
18	665234	21450795	3.01	22116029
19	665836	21543211	3.00	22209047
20	664362	21507120	3.00	22171482
21	667910	21514455	3.01	22182365
22	661356	21481776	2.99	22143132
23	668700	21498416	3.02	22167116
24	667786	21485506	3.01	22153292
25	664792	21502958	3.00	22167750
26	663449	21459169	3.00	22122618
27	667685	21631030	2.99	22298715
28	673483	21593811	3.02	22267294
29	676586	21599042	3.04	22275628
30	670686	21551186	3.02	22221872
31	679855	21589195	3.05	22269050
32	677189	21639106	3.03	22316295
33	678727	21632032	3.04	22310759
34	678287	21483759	3.06	22162046
35	680349	21504881	3.07	22185230
36	685563	21523728	3.09	22209291
37	684436	21473446	3.09	22157882
38	685110	21505375	3.09	22190485
39	684433	21376235	3.10	22060668
40	682643	21416798	3.09	22099441
41	680432	21462212	3.07	22142644
42	675728	21435840	3.06	22111568
43	676191	21386645	3.06	22062836
44	675945	21259354	3.08	21935299
45	676243	21268852	3.08	21945095
46	674377	21314766	3.07	21989143
47	671448	21205481	3.07	21876929
48	668907	21221847	3.06	21890754
49	664656	21168190	3.04	21832846
50	662106	21086207	3.04	21748313
51	660538	21092934	3.04	21753472
52	658607	21049276	3.03	21707883
53	655675	20917837	3.04	21573512
54	659599	20932974	3.05	21592573
55	658274	20954948	3.05	21613222
56	660515	20884482	3.07	21544997
57	658790	20880462	3.06	21539252
58	652184	20780355	3.04	21432539
59	652716	20806837	3.04	21459553
60	650818	20647550	3.06	21298368
61	646624	20652955	3.04	21299579
62	643872	20565345	3.04	21209217
63	642993	20507709	3.04	21150702
64	641124	20397409	3.05	21038533
65	641070	20460984	3.04	21102054
66	640875	20310568	3.06	20951443
67	641306	20384944	3.05	21026250
68	635093	20214149	3.05	20849242
69	637976	20175816	3.07	20813792
70	633364	20160384	3.05	20793748
71	631860	20130414	3.04	20762274
72	633612	20005901	3.07	20639513
73	627644	19995961	3.04	20623605
74	625603	19899398	3.05	20525001
75	624359	19875114	3.05	20499473
76	626222	19768880	3.07	20395102
77	625660	19738828	3.07	20364488
78	620637	19651492	3.06	20272129
79	621544	19631891	3.07	20253435
80	620524	19531385	3.08	20151909
81	619072	19520817	3.07	20139889
82	614833	19398521	3.07	20013354
83	612361	19370908	3.06	19983269
84	615499	19247707	3.10	19863206
85	609114	19106552	3.09	19715666
86	607234	18997099	3.10	19604333
87	603586	18902665	3.09	19506251
88	601666	18841043	3.09	19442709
89	594040	18723112	3.08	19317152
90	591358	18587595	3.08	19178953
91	588664	18455244	3.09	19043908
92	588178	18370117	3.10	18958295
93	579840	18201085	3.09	18780925
94	580571	18123526	3.10	18704097
95	572465	17964309	3.09	18536774
96	569602	17869907	3.09	18439509
97	559239	17714868	3.06	18274107
98	549722	17538148	3.04	18087870
99	530376	17310370	2.97	17840746
100	438754	16541110	2.58	16979864
101	347389	0	100.00	347389

