CpG context (R1)
================
position	count methylated	count unmethylated	% methylation	coverage
1	4309467	1133941	79.17	5443408
2	3247146	987835	76.67	4234981
3	3248891	1127740	74.23	4376631
4	3567365	1152673	75.58	4720038
5	3342272	1089818	75.41	4432090
6	3415752	1182370	74.29	4598122
7	3150770	1101516	74.10	4252286
8	3233584	1144513	73.86	4378097
9	3342974	1176526	73.97	4519500
10	3365058	1177955	74.07	4543013
11	3323384	1172115	73.93	4495499
12	3356944	1175964	74.06	4532908
13	3323497	1167737	74.00	4491234
14	3336972	1170157	74.04	4507129
15	3321473	1171512	73.93	4492985
16	3404483	1182831	74.22	4587314
17	3385726	1183386	74.10	4569112
18	3336176	1184866	73.79	4521042
19	3324138	1183735	73.74	4507873
20	3368984	1191133	73.88	4560117
21	3357254	1193009	73.78	4550263
22	3383316	1195196	73.90	4578512
23	3415050	1199273	74.01	4614323
24	3387218	1200894	73.83	4588112
25	3425583	1204114	73.99	4629697
26	3363798	1200777	73.69	4564575
27	3379597	1206314	73.70	4585911
28	3349025	1198785	73.64	4547810
29	3346010	1199437	73.61	4545447
30	3385127	1206145	73.73	4591272
31	3410430	1207165	73.86	4617595
32	3452900	1212757	74.01	4665657
33	3416889	1210833	73.84	4627722
34	3377592	1203526	73.73	4581118
35	3387988	1206542	73.74	4594530
36	3380539	1206396	73.70	4586935
37	3398530	1211324	73.72	4609854
38	3424358	1215203	73.81	4639561
39	3431553	1216131	73.83	4647684
40	3457435	1215444	73.99	4672879
41	3413163	1214199	73.76	4627362
42	3400617	1212972	73.71	4613589
43	3407702	1212882	73.75	4620584
44	3416610	1212864	73.80	4629474
45	3436329	1219996	73.80	4656325
46	3425820	1217770	73.78	4643590
47	3414796	1215638	73.75	4630434
48	3413450	1219463	73.68	4632913
49	3447973	1220209	73.86	4668182
50	3420286	1216464	73.76	4636750
51	3383629	1216371	73.56	4600000
52	3390836	1214571	73.63	4605407
53	3400930	1215876	73.66	4616806
54	3438360	1221346	73.79	4659706
55	3419912	1216820	73.76	4636732
56	3446726	1220666	73.85	4667392
57	3416770	1219559	73.70	4636329
58	3419419	1220668	73.69	4640087
59	3411398	1218412	73.68	4629810
60	3406740	1222214	73.60	4628954
61	3402044	1219894	73.61	4621938
62	3418106	1219177	73.71	4637283
63	3426421	1220827	73.73	4647248
64	3428960	1218999	73.77	4647959
65	3382209	1215213	73.57	4597422
66	3361546	1213448	73.48	4574994
67	3370274	1215003	73.50	4585277
68	3380133	1217458	73.52	4597591
69	3388591	1220065	73.53	4608656
70	3411033	1220530	73.65	4631563
71	3402936	1220998	73.59	4623934
72	3411781	1223195	73.61	4634976
73	3383720	1219503	73.51	4603223
74	3377144	1217639	73.50	4594783
75	3377258	1219821	73.47	4597079
76	3386886	1219234	73.53	4606120
77	3363478	1216051	73.45	4579529
78	3377900	1219773	73.47	4597673
79	3368329	1220570	73.40	4588899
80	3376755	1220175	73.46	4596930
81	3365316	1222639	73.35	4587955
82	3362832	1219801	73.38	4582633
83	3335212	1216804	73.27	4552016
84	3335062	1216171	73.28	4551233
85	3330630	1218401	73.22	4549031
86	3350332	1217930	73.34	4568262
87	3336308	1217776	73.26	4554084
88	3355477	1220851	73.32	4576328
89	3325499	1217903	73.19	4543402
90	3309733	1217675	73.10	4527408
91	3302640	1218979	73.04	4521619
92	3303966	1215145	73.11	4519111
93	3288479	1211904	73.07	4500383
94	3314256	1216946	73.14	4531202
95	3283585	1213125	73.02	4496710
96	3275857	1214555	72.95	4490412
97	3235700	1208878	72.80	4444578
98	3231516	1203623	72.86	4435139
99	3197707	1199144	72.73	4396851
100	3160740	1194126	72.58	4354866
101	3037989	1098230	73.45	4136219
102	1454251	550491	72.54	2004742
103	1450745	549955	72.51	2000700
104	1439261	548896	72.39	1988157
105	1434684	549981	72.29	1984665
106	1431363	549672	72.25	1981035
107	1424205	550846	72.11	1975051
108	1417682	551625	71.99	1969307
109	1409516	550897	71.90	1960413
110	1409116	551317	71.88	1960433
111	1401378	552654	71.72	1954032
112	1387421	550154	71.61	1937575
113	1375695	547401	71.54	1923096
114	1365490	547003	71.40	1912493
115	1351131	544479	71.28	1895610
116	1344059	543766	71.20	1887825
117	1332248	543078	71.04	1875326
118	1324793	541137	71.00	1865930
119	1304874	538167	70.80	1843041
120	1290273	534465	70.71	1824738
121	1276896	531362	70.61	1808258
122	1259036	528032	70.45	1787068
123	1238547	522516	70.33	1761063
124	1224310	518778	70.24	1743088
125	1207678	511868	70.23	1719546
126	1200771	507464	70.29	1708235
127	1180375	500322	70.23	1680697
128	1161170	493593	70.17	1654763
129	1138601	488724	69.97	1627325
130	1123151	480427	70.04	1603578
131	1102504	472598	70.00	1575102
132	1079119	466322	69.83	1545441
133	1057187	458663	69.74	1515850
134	1045180	451556	69.83	1496736
135	1019252	445373	69.59	1464625
136	993606	435072	69.55	1428678
137	970546	426941	69.45	1397487
138	951151	420652	69.34	1371803
139	931759	411961	69.34	1343720
140	910890	404886	69.23	1315776
141	892076	397400	69.18	1289476
142	872247	388151	69.20	1260398
143	850862	379688	69.14	1230550
144	828568	373195	68.95	1201763
145	807835	365248	68.86	1173083
146	783236	356711	68.71	1139947
147	760783	347521	68.64	1108304
148	733332	335571	68.61	1068903
149	700770	315690	68.94	1016460
150	503412	157010	76.23	660422

CHG context (R1)
================
position	count methylated	count unmethylated	% methylation	coverage
1	847467	20316869	4.00	21164336
2	258663	20359920	1.25	20618583
3	135263	19683022	0.68	19818285
4	97414	19931648	0.49	20029062
5	79261	19785706	0.40	19864967
6	73799	19967916	0.37	20041715
7	72596	19644779	0.37	19717375
8	69026	20305811	0.34	20374837
9	70713	20524693	0.34	20595406
10	70334	20597611	0.34	20667945
11	69014	20439721	0.34	20508735
12	68960	20518154	0.33	20587114
13	68724	20504526	0.33	20573250
14	69579	20550718	0.34	20620297
15	69988	20724516	0.34	20794504
16	69179	20689281	0.33	20758460
17	69169	20658162	0.33	20727331
18	71009	20810305	0.34	20881314
19	70934	20998415	0.34	21069349
20	71055	21042245	0.34	21113300
21	70602	20974127	0.34	21044729
22	71526	21036800	0.34	21108326
23	72802	21077915	0.34	21150717
24	74694	21479896	0.35	21554590
25	73980	21192488	0.35	21266468
26	73460	21117081	0.35	21190541
27	73419	21128399	0.35	21201818
28	72703	21237217	0.34	21309920
29	72733	21347934	0.34	21420667
30	73264	21297535	0.34	21370799
31	73884	21284079	0.35	21357963
32	73355	21356807	0.34	21430162
33	74024	21292525	0.35	21366549
34	72972	21209349	0.34	21282321
35	73502	21169680	0.35	21243182
36	72415	21150880	0.34	21223295
37	72598	21272498	0.34	21345096
38	73117	21403652	0.34	21476769
39	73325	21390696	0.34	21464021
40	72803	21245451	0.34	21318254
41	73603	21190680	0.35	21264283
42	73486	21283474	0.34	21356960
43	73540	21344725	0.34	21418265
44	72928	21293937	0.34	21366865
45	72869	21384867	0.34	21457736
46	73301	21254434	0.34	21327735
47	73165	21279380	0.34	21352545
48	73981	21344116	0.35	21418097
49	74904	21366406	0.35	21441310
50	73012	21313769	0.34	21386781
51	73590	21273102	0.34	21346692
52	72909	21171962	0.34	21244871
53	75839	21256160	0.36	21331999
54	71943	21211661	0.34	21283604
55	74217	21190684	0.35	21264901
56	73150	21256000	0.34	21329150
57	73123	21248736	0.34	21321859
58	72100	21173206	0.34	21245306
59	72958	21164965	0.34	21237923
60	71800	21160180	0.34	21231980
61	72401	21189307	0.34	21261708
62	72409	21353912	0.34	21426321
63	72288	21351335	0.34	21423623
64	73340	21291839	0.34	21365179
65	73960	21166947	0.35	21240907
66	72567	21132692	0.34	21205259
67	74018	21204271	0.35	21278289
68	79445	21312737	0.37	21392182
69	74168	21333428	0.35	21407596
70	76873	21235379	0.36	21312252
71	77965	21158057	0.37	21236022
72	76099	21151543	0.36	21227642
73	74651	21130775	0.35	21205426
74	72635	21096129	0.34	21168764
75	72794	21067402	0.34	21140196
76	75448	21104968	0.36	21180416
77	79268	21124695	0.37	21203963
78	75893	21148889	0.36	21224782
79	72785	21062235	0.34	21135020
80	76718	21099436	0.36	21176154
81	70791	21012525	0.34	21083316
82	76486	21042460	0.36	21118946
83	71444	20939925	0.34	21011369
84	89405	20932174	0.43	21021579
85	72912	21047815	0.35	21120727
86	80077	21058765	0.38	21138842
87	73468	21102597	0.35	21176065
88	73455	21016830	0.35	21090285
89	73625	20952639	0.35	21026264
90	74690	20893588	0.36	20968278
91	74163	20926785	0.35	21000948
92	72693	20882133	0.35	20954826
93	73534	20875659	0.35	20949193
94	84562	20829135	0.40	20913697
95	71146	20765338	0.34	20836484
96	71850	20709262	0.35	20781112
97	70815	20654858	0.34	20725673
98	78796	20539427	0.38	20618223
99	70542	20468141	0.34	20538683
100	71101	20362743	0.35	20433844
101	68117	19755121	0.34	19823238
102	36641	9337643	0.39	9374284
103	37481	9316131	0.40	9353612
104	36451	9292418	0.39	9328869
105	36581	9302725	0.39	9339306
106	36399	9271739	0.39	9308138
107	37094	9236754	0.40	9273848
108	37490	9181388	0.41	9218878
109	37175	9194700	0.40	9231875
110	38165	9140156	0.42	9178321
111	37193	9104654	0.41	9141847
112	38828	9038777	0.43	9077605
113	37296	9031893	0.41	9069189
114	37175	8944484	0.41	8981659
115	37684	8868212	0.42	8905896
116	38025	8805363	0.43	8843388
117	38021	8749819	0.43	8787840
118	41013	8667660	0.47	8708673
119	37571	8569302	0.44	8606873
120	39494	8465542	0.46	8505036
121	39202	8366336	0.47	8405538
122	40004	8233267	0.48	8273271
123	40126	8119341	0.49	8159467
124	37432	8027162	0.46	8064594
125	35335	7944896	0.44	7980231
126	33749	7813107	0.43	7846856
127	31512	7682027	0.41	7713539
128	30464	7555880	0.40	7586344
129	30587	7432119	0.41	7462706
130	29807	7295655	0.41	7325462
131	29738	7164731	0.41	7194469
132	30616	7032963	0.43	7063579
133	29109	6919523	0.42	6948632
134	29413	6801979	0.43	6831392
135	28096	6674974	0.42	6703070
136	27966	6542882	0.43	6570848
137	27273	6403386	0.42	6430659
138	26366	6270719	0.42	6297085
139	26288	6135136	0.43	6161424
140	25769	6011098	0.43	6036867
141	25622	5895768	0.43	5921390
142	25862	5769993	0.45	5795855
143	25370	5645430	0.45	5670800
144	24561	5524332	0.44	5548893
145	23449	5390548	0.43	5413997
146	22905	5250666	0.43	5273571
147	22167	5111323	0.43	5133490
148	21759	4958086	0.44	4979845
149	20563	4711179	0.43	4731742
150	18821	3216570	0.58	3235391

CHH context (R1)
================
position	count methylated	count unmethylated	% methylation	coverage
1	2371618	67200601	3.41	69572219
2	706267	63649350	1.10	64355617
3	390957	62776106	0.62	63167063
4	300182	64347641	0.46	64647823
5	247808	64262988	0.38	64510796
6	242806	66975931	0.36	67218737
7	237242	64993651	0.36	65230893
8	226751	66223358	0.34	66450109
9	230534	66718987	0.34	66949521
10	230833	67382592	0.34	67613425
11	230936	67432529	0.34	67663465
12	229489	67382638	0.34	67612127
13	229311	67047218	0.34	67276529
14	231564	67144788	0.34	67376352
15	231315	66918162	0.34	67149477
16	230405	67004866	0.34	67235271
17	231477	67329443	0.34	67560920
18	231508	67684994	0.34	67916502
19	231473	67747255	0.34	67978728
20	232739	67583982	0.34	67816721
21	231078	67537410	0.34	67768488
22	233905	67873131	0.34	68107036
23	232993	67884095	0.34	68117088
24	235351	67566238	0.35	67801589
25	235894	67571887	0.35	67807781
26	235392	67306640	0.35	67542032
27	234800	67753035	0.35	67987835
28	233091	67509539	0.34	67742630
29	231711	67447660	0.34	67679371
30	233636	67425560	0.35	67659196
31	236291	67375300	0.35	67611591
32	234414	67388175	0.35	67622589
33	236654	67277685	0.35	67514339
34	233857	67286436	0.35	67520293
35	237123	67508051	0.35	67745174
36	233294	67383011	0.35	67616305
37	233228	67419626	0.34	67652854
38	232180	67374462	0.34	67606642
39	234238	67288156	0.35	67522394
40	233227	67266712	0.35	67499939
41	234410	67266861	0.35	67501271
42	233777	67432785	0.35	67666562
43	233607	67355797	0.35	67589404
44	234551	67379236	0.35	67613787
45	233184	67342405	0.35	67575589
46	233973	67262502	0.35	67496475
47	233623	67305265	0.35	67538888
48	233711	67483641	0.35	67717352
49	236372	67438289	0.35	67674661
50	233401	67401851	0.35	67635252
51	232199	67414459	0.34	67646658
52	233522	67425048	0.35	67658570
53	240331	67279327	0.36	67519658
54	231650	67476358	0.34	67708008
55	235583	67337836	0.35	67573419
56	232265	67468572	0.34	67700837
57	232920	67290654	0.34	67523574
58	232157	67367784	0.34	67599941
59	233722	67479311	0.35	67713033
60	231352	67695688	0.34	67927040
61	233753	67651691	0.34	67885444
62	230894	67595918	0.34	67826812
63	231398	67449806	0.34	67681204
64	232474	67367964	0.34	67600438
65	235565	67356825	0.35	67592390
66	233141	67536618	0.34	67769759
67	237188	67637878	0.35	67875066
68	251753	67496227	0.37	67747980
69	234022	67425864	0.35	67659886
70	243635	67189956	0.36	67433591
71	246494	67217441	0.37	67463935
72	241237	67284330	0.36	67525567
73	236299	67231936	0.35	67468235
74	231479	67160371	0.34	67391850
75	232534	67184142	0.34	67416676
76	238878	67158093	0.35	67396971
77	252957	67080525	0.38	67333482
78	241373	66969685	0.36	67211058
79	232978	66954543	0.35	67187521
80	245611	66905904	0.37	67151515
81	230378	66906646	0.34	67137024
82	245056	66762024	0.37	67007080
83	228924	66703509	0.34	66932433
84	284531	66666125	0.42	66950656
85	232180	66868520	0.35	67100700
86	253810	66792300	0.38	67046110
87	229219	66755945	0.34	66985164
88	233673	66683786	0.35	66917459
89	234869	66608441	0.35	66843310
90	240169	66707781	0.36	66947950
91	233615	66774859	0.35	67008474
92	231763	66716431	0.35	66948194
93	234037	66551244	0.35	66785281
94	271451	66465469	0.41	66736920
95	228595	66416022	0.34	66644617
96	231012	66376970	0.35	66607982
97	229184	66200734	0.35	66429918
98	260270	66074974	0.39	66335244
99	228772	65911139	0.35	66139911
100	228322	65566391	0.35	65794713
101	219445	63762555	0.34	63982000
102	117010	29797130	0.39	29914140
103	118479	29760380	0.40	29878859
104	116915	29784151	0.39	29901066
105	117754	29645866	0.40	29763620
106	116150	29594175	0.39	29710325
107	117833	29478849	0.40	29596682
108	117872	29419551	0.40	29537423
109	118771	29323706	0.40	29442477
110	121254	29188427	0.41	29309681
111	117628	29050628	0.40	29168256
112	121800	28905083	0.42	29026883
113	118326	28702218	0.41	28820544
114	118758	28504197	0.41	28622955
115	119666	28319476	0.42	28439142
116	120882	28161987	0.43	28282869
117	121752	27918171	0.43	28039923
118	130665	27642239	0.47	27772904
119	120177	27361642	0.44	27481819
120	124105	27093060	0.46	27217165
121	125042	26800787	0.46	26925829
122	128364	26465791	0.48	26594155
123	128383	26142138	0.49	26270521
124	120836	25799715	0.47	25920551
125	116230	25449640	0.45	25565870
126	109925	25064360	0.44	25174285
127	101249	24657852	0.41	24759101
128	98631	24255653	0.40	24354284
129	99768	23865192	0.42	23964960
130	96943	23453469	0.41	23550412
131	96428	23059934	0.42	23156362
132	99504	22633731	0.44	22733235
133	94399	22254512	0.42	22348911
134	94142	21837447	0.43	21931589
135	92310	21423709	0.43	21516019
136	90477	20980329	0.43	21070806
137	89344	20557765	0.43	20647109
138	87923	20116661	0.44	20204584
139	86519	19711379	0.44	19797898
140	85280	19290856	0.44	19376136
141	83782	18894527	0.44	18978309
142	82718	18481766	0.45	18564484
143	82388	18073718	0.45	18156106
144	80699	17663828	0.45	17744527
145	77656	17259406	0.45	17337062
146	76047	16846253	0.45	16922300
147	73915	16428291	0.45	16502206
148	71609	15956181	0.45	16027790
149	68559	15249781	0.45	15318340
150	59654	11768481	0.50	11828135

CpG context (R2)
================
position	count methylated	count unmethylated	% methylation	coverage
1	965281	6286114	13.31	7251395
2	2640875	2529906	51.07	5170781
3	2444088	1425475	63.16	3869563
4	2637897	1479216	64.07	4117113
5	3026273	1520331	66.56	4546604
6	3068810	1360058	69.29	4428868
7	3203296	1428513	69.16	4631809
8	2929964	1315954	69.01	4245918
9	2975090	1342901	68.90	4317991
10	3069308	1385380	68.90	4454688
11	3083993	1383319	69.03	4467312
12	3126285	1360592	69.68	4486877
13	3107187	1355145	69.63	4462332
14	3081520	1341926	69.66	4423446
15	3120534	1341559	69.93	4462093
16	3104229	1333676	69.95	4437905
17	3180333	1333848	70.45	4514181
18	3120905	1337114	70.01	4458019
19	3166606	1325189	70.50	4491795
20	3156115	1319568	70.52	4475683
21	3139790	1327116	70.29	4466906
22	3167339	1326602	70.48	4493941
23	3225279	1320691	70.95	4545970
24	3194047	1330438	70.59	4524485
25	3168570	1320592	70.58	4489162
26	3238089	1323577	70.98	4561666
27	3151046	1317383	70.52	4468429
28	3171565	1315664	70.68	4487229
29	3107425	1315389	70.26	4422814
30	3189461	1304544	70.97	4494005
31	3249966	1300742	71.42	4550708
32	3287811	1303417	71.61	4591228
33	3309333	1303420	71.74	4612753
34	3282967	1299846	71.64	4582813
35	3265272	1290295	71.68	4555567
36	3210117	1296246	71.24	4506363
37	3273335	1291631	71.71	4564966
38	3287754	1289975	71.82	4577729
39	3325248	1287671	72.09	4612919
40	3310542	1287338	72.00	4597880
41	3337219	1289919	72.12	4627138
42	3309103	1281218	72.09	4590321
43	3299037	1280340	72.04	4579377
44	3299858	1276264	72.11	4576122
45	3322198	1274270	72.28	4596468
46	2258254	852332	72.60	3110586
47	3327350	1274256	72.31	4601606
48	3311106	1270813	72.26	4581919
49	3301118	1271222	72.20	4572340
50	3330445	1273624	72.34	4604069
51	3325669	1272605	72.32	4598274
52	3294473	1266437	72.23	4560910
53	3300233	1265690	72.28	4565923
54	3319040	1265732	72.39	4584772
55	3336378	1265838	72.50	4602216
56	3317898	1266235	72.38	4584133
57	3342086	1258797	72.64	4600883
58	3325577	1256171	72.58	4581748
59	3318645	1256428	72.54	4575073
60	3312679	1252807	72.56	4565486
61	3299232	1251455	72.50	4550687
62	3305281	1251879	72.53	4557160
63	3312331	1249937	72.60	4562268
64	3324244	1252112	72.64	4576356
65	3320279	1249489	72.66	4569768
66	3284427	1240682	72.58	4525109
67	3271375	1240080	72.51	4511455
68	3281117	1239625	72.58	4520742
69	3300434	1242583	72.65	4543017
70	3296938	1242967	72.62	4539905
71	3328832	1243741	72.80	4572573
72	3305893	1241202	72.70	4547095
73	3323001	1241792	72.80	4564793
74	3297285	1237547	72.71	4534832
75	3292843	1235072	72.72	4527915
76	3279918	1230625	72.72	4510543
77	3287599	1234957	72.69	4522556
78	3264808	1230895	72.62	4495703
79	3270626	1230228	72.67	4500854
80	3261377	1228481	72.64	4489858
81	3265847	1228010	72.67	4493857
82	3259878	1227244	72.65	4487122
83	3256639	1226087	72.65	4482726
84	3236659	1222179	72.59	4458838
85	3255792	1215508	72.82	4471300
86	3240370	1215626	72.72	4455996
87	3245699	1213888	72.78	4459587
88	3233011	1212812	72.72	4445823
89	3233686	1214411	72.70	4448097
90	3221762	1209763	72.70	4431525
91	3204445	1206000	72.66	4410445
92	3189826	1204470	72.59	4394296
93	3190382	1204410	72.59	4394792
94	3183341	1199276	72.64	4382617
95	3192348	1197642	72.72	4389990
96	3162702	1192538	72.62	4355240
97	3142971	1185874	72.61	4328845
98	3093765	1174603	72.48	4268368
99	3046314	1162991	72.37	4209305
100	3000123	1134915	72.55	4135038
101	2783768	522293	84.20	3306061
102	1445319	527127	73.28	1972446
103	1441063	527549	73.20	1968612
104	1442382	526361	73.26	1968743
105	1429490	522898	73.22	1952388
106	1424369	521487	73.20	1945856
107	1426504	521294	73.24	1947798
108	1422048	516490	73.36	1938538
109	1416778	516893	73.27	1933671
110	1413120	513880	73.33	1927000
111	1414828	512086	73.42	1926914
112	1407802	510362	73.39	1918164
113	1400391	507730	73.39	1908121
114	1389638	502719	73.43	1892357
115	1382496	499942	73.44	1882438
116	1363735	493835	73.41	1857570
117	1357910	490145	73.48	1848055
118	1351499	486789	73.52	1838288
119	1342330	481175	73.61	1823505
120	1323857	475034	73.59	1798891
121	1310658	469598	73.62	1780256
122	1294693	465676	73.55	1760369
123	1287686	458511	73.74	1746197
124	1271466	451189	73.81	1722655
125	1262354	442618	74.04	1704972
126	1246475	435458	74.11	1681933
127	1242123	429325	74.31	1671448
128	1223629	422089	74.35	1645718
129	1199723	414831	74.31	1614554
130	1178324	408246	74.27	1586570
131	1161927	401714	74.31	1563641
132	1140318	393616	74.34	1533934
133	1121961	388132	74.30	1510093
134	1096247	379153	74.30	1475400
135	1079050	371649	74.38	1450699
136	1054876	365893	74.25	1420769
137	1028771	356736	74.25	1385507
138	1006019	349880	74.20	1355899
139	986234	342860	74.20	1329094
140	963325	337028	74.08	1300353
141	946447	329037	74.20	1275484
142	923800	321763	74.17	1245563
143	904551	315523	74.14	1220074
144	884053	308757	74.12	1192810
145	860648	301938	74.03	1162586
146	838152	293331	74.08	1131483
147	810046	285914	73.91	1095960
148	789216	276268	74.07	1065484
149	757903	205602	78.66	963505
150	298790	0	100.00	298790

CHG context (R2)
================
position	count methylated	count unmethylated	% methylation	coverage
1	461088	16986322	2.64	17447410
2	231186	25410067	0.90	25641253
3	114469	21298248	0.53	21412717
4	108646	20008760	0.54	20117406
5	78892	19898689	0.39	19977581
6	77147	20969914	0.37	21047061
7	70366	20188771	0.35	20259137
8	69828	20350472	0.34	20420300
9	68073	19836206	0.34	19904279
10	68220	20333282	0.33	20401502
11	68991	20625449	0.33	20694440
12	68990	20762690	0.33	20831680
13	67532	20610625	0.33	20678157
14	69930	20694219	0.34	20764149
15	68781	20655089	0.33	20723870
16	69655	20752748	0.33	20822403
17	69989	20799112	0.34	20869101
18	68488	20806715	0.33	20875203
19	69129	20753391	0.33	20822520
20	69882	20928927	0.33	20998809
21	69766	21081382	0.33	21151148
22	70106	21220629	0.33	21290735
23	70424	21165474	0.33	21235898
24	70355	21213118	0.33	21283473
25	69231	21170173	0.33	21239404
26	70055	21551502	0.32	21621557
27	69082	21348910	0.32	21417992
28	70300	21322306	0.33	21392606
29	69459	21308059	0.32	21377518
30	71209	21427645	0.33	21498854
31	71206	21514736	0.33	21585942
32	71710	21509872	0.33	21581582
33	71010	21416675	0.33	21487685
34	71320	21526425	0.33	21597745
35	70545	21476761	0.33	21547306
36	70778	21391597	0.33	21462375
37	70443	21311707	0.33	21382150
38	71536	21343960	0.33	21415496
39	70417	21369054	0.33	21439471
40	71608	21506439	0.33	21578047
41	70863	21492969	0.33	21563832
42	70548	21345557	0.33	21416105
43	69558	21349284	0.32	21418842
44	70515	21413024	0.33	21483539
45	69987	21426439	0.33	21496426
46	50965	14400377	0.35	14451342
47	71045	21506465	0.33	21577510
48	70355	21386740	0.33	21457095
49	69961	21360229	0.33	21430190
50	70104	21367348	0.33	21437452
51	70045	21459275	0.33	21529320
52	72789	21423786	0.34	21496575
53	70404	21381762	0.33	21452166
54	72477	21309350	0.34	21381827
55	73734	21408705	0.34	21482439
56	70711	21382028	0.33	21452739
57	70160	21287940	0.33	21358100
58	74198	21319312	0.35	21393510
59	70811	21330984	0.33	21401795
60	69112	21268482	0.32	21337594
61	72125	21209247	0.34	21281372
62	73793	21212617	0.35	21286410
63	68855	21205813	0.32	21274668
64	70128	21309240	0.33	21379368
65	68759	21349965	0.32	21418724
66	69395	21273251	0.33	21342646
67	69572	21140387	0.33	21209959
68	72430	21053570	0.34	21126000
69	68580	21107704	0.32	21176284
70	69627	21216993	0.33	21286620
71	74500	21246685	0.35	21321185
72	70153	21188680	0.33	21258833
73	69810	21085107	0.33	21154917
74	68472	21075086	0.32	21143558
75	67589	21054378	0.32	21121967
76	71499	21015565	0.34	21087064
77	69445	20969275	0.33	21038720
78	70834	21049039	0.34	21119873
79	69241	21031711	0.33	21100952
80	68730	21068562	0.33	21137292
81	67631	20947529	0.32	21015160
82	68614	20975177	0.33	21043791
83	67660	20884367	0.32	20952027
84	70480	20892899	0.34	20963379
85	67976	20776679	0.33	20844655
86	69818	20768984	0.34	20838802
87	68148	20830622	0.33	20898770
88	74562	20857810	0.36	20932372
89	68137	20862501	0.33	20930638
90	68586	20822239	0.33	20890825
91	68672	20769173	0.33	20837845
92	66279	20687515	0.32	20753794
93	67444	20690264	0.32	20757708
94	72084	20673602	0.35	20745686
95	68568	20629286	0.33	20697854
96	68833	20625564	0.33	20694397
97	65038	20527778	0.32	20592816
98	65707	20443546	0.32	20509253
99	63356	20366810	0.31	20430166
100	58853	20050019	0.29	20108872
101	55596	9240303	0.60	9295899
102	32412	9257482	0.35	9289894
103	31147	9258332	0.34	9289479
104	32845	9221844	0.35	9254689
105	33070	9192888	0.36	9225958
106	31067	9150986	0.34	9182053
107	31458	9138247	0.34	9169705
108	31838	9110251	0.35	9142089
109	31679	9063667	0.35	9095346
110	34317	8998913	0.38	9033230
111	31755	8999645	0.35	9031400
112	31907	8955037	0.36	8986944
113	34111	8893329	0.38	8927440
114	32171	8835179	0.36	8867350
115	33499	8792107	0.38	8825606
116	35149	8714037	0.40	8749186
117	33116	8612457	0.38	8645573
118	34454	8533532	0.40	8567986
119	32768	8478603	0.38	8511371
120	33440	8406460	0.40	8439900
121	32814	8292627	0.39	8325441
122	32624	8179909	0.40	8212533
123	32806	8069372	0.40	8102178
124	33029	7955683	0.41	7988712
125	32449	7819284	0.41	7851733
126	37743	7688341	0.49	7726084
127	32469	7601770	0.43	7634239
128	32218	7482205	0.43	7514423
129	37030	7341068	0.50	7378098
130	31874	7228458	0.44	7260332
131	32073	7091330	0.45	7123403
132	31157	6964849	0.45	6996006
133	30682	6820629	0.45	6851311
134	30494	6687743	0.45	6718237
135	29514	6566883	0.45	6596397
136	30804	6445783	0.48	6476587
137	30062	6323373	0.47	6353435
138	28647	6198528	0.46	6227175
139	32427	6068155	0.53	6100582
140	27729	5943884	0.46	5971613
141	27264	5820048	0.47	5847312
142	26384	5698450	0.46	5724834
143	28387	5574419	0.51	5602806
144	26433	5459339	0.48	5485772
145	25451	5337079	0.47	5362530
146	24477	5211291	0.47	5235768
147	23879	5074869	0.47	5098748
148	21895	4907352	0.44	4929247
149	17376	3835844	0.45	3853220
150	8951	0	100.00	8951

CHH context (R2)
================
position	count methylated	count unmethylated	% methylation	coverage
1	1425299	53651777	2.59	55077076
2	548117	64337279	0.84	64885396
3	329269	67785291	0.48	68114560
4	281157	71993898	0.39	72275055
5	257760	71477325	0.36	71735085
6	249501	71298751	0.35	71548252
7	241547	70744309	0.34	70985856
8	229491	68211464	0.34	68440955
9	231218	67920351	0.34	68151569
10	228448	68020830	0.33	68249278
11	227173	67839820	0.33	68066993
12	226057	67922098	0.33	68148155
13	222815	67646612	0.33	67869427
14	228945	67551478	0.34	67780423
15	225452	67555389	0.33	67780841
16	225999	67765475	0.33	67991474
17	225797	67791105	0.33	68016902
18	222754	67633475	0.33	67856229
19	227124	67772352	0.33	67999476
20	227758	67947020	0.33	68174778
21	225749	68066720	0.33	68292469
22	225048	67931319	0.33	68156367
23	226454	68019506	0.33	68245960
24	225181	67952184	0.33	68177365
25	224441	67926274	0.33	68150715
26	225676	67969515	0.33	68195191
27	224158	68204161	0.33	68428319
28	226841	68332118	0.33	68558959
29	224984	68404688	0.33	68629672
30	227250	68341466	0.33	68568716
31	228871	68319014	0.33	68547885
32	230394	68224535	0.34	68454929
33	229581	68355390	0.33	68584971
34	229867	68181654	0.34	68411521
35	228713	68204328	0.33	68433041
36	227140	68263414	0.33	68490554
37	229022	68234547	0.33	68463569
38	232096	68281414	0.34	68513510
39	228336	68214712	0.33	68443048
40	230932	68103478	0.34	68334410
41	228270	68159504	0.33	68387774
42	227680	68113714	0.33	68341394
43	227964	68064567	0.33	68292531
44	225429	67891149	0.33	68116578
45	225931	67764312	0.33	67990243
46	161839	45502473	0.35	45664312
47	224615	67833141	0.33	68057756
48	224246	67908738	0.33	68132984
49	223741	67694029	0.33	67917770
50	223873	67525144	0.33	67749017
51	223348	67532602	0.33	67755950
52	230844	67667292	0.34	67898136
53	221280	67604127	0.33	67825407
54	229204	67508210	0.34	67737414
55	233003	67562763	0.34	67795766
56	224310	67494207	0.33	67718517
57	224027	67498276	0.33	67722303
58	234917	67355911	0.35	67590828
59	224410	67429884	0.33	67654294
60	222098	67338555	0.33	67560653
61	229784	67277614	0.34	67507398
62	237381	67185300	0.35	67422681
63	223052	67190741	0.33	67413793
64	224823	67065715	0.33	67290538
65	220743	67235590	0.33	67456333
66	224599	67092863	0.33	67317462
67	224434	67156522	0.33	67380956
68	234889	66972788	0.35	67207677
69	219703	66975458	0.33	67195161
70	222077	66964267	0.33	67186344
71	238300	67086371	0.35	67324671
72	225160	67034014	0.33	67259174
73	224934	67019864	0.33	67244798
74	221619	66900002	0.33	67121621
75	218442	66931376	0.33	67149818
76	231625	66738211	0.35	66969836
77	222192	66732842	0.33	66955034
78	229227	66618468	0.34	66847695
79	222860	66700830	0.33	66923690
80	220891	66662642	0.33	66883533
81	217866	66665651	0.33	66883517
82	222269	66513133	0.33	66735402
83	221319	66574947	0.33	66796266
84	229490	66576575	0.34	66806065
85	222462	66376176	0.33	66598638
86	228460	66185634	0.34	66414094
87	221860	66097408	0.33	66319268
88	241716	66111515	0.36	66353231
89	221063	66167452	0.33	66388515
90	223816	66020389	0.34	66244205
91	221443	65825082	0.34	66046525
92	216230	65736709	0.33	65952939
93	220195	65614258	0.33	65834453
94	233429	65608143	0.35	65841572
95	221879	65484251	0.34	65706130
96	222733	65402064	0.34	65624797
97	211663	65276625	0.32	65488288
98	212252	65084072	0.33	65296324
99	204753	64853123	0.31	65057876
100	189162	63778409	0.30	63967571
101	182380	29262910	0.62	29445290
102	107641	29336187	0.37	29443828
103	100498	29297775	0.34	29398273
104	107094	29201023	0.37	29308117
105	107463	29146494	0.37	29253957
106	101518	29073856	0.35	29175374
107	102845	28989040	0.35	29091885
108	101585	28891425	0.35	28993010
109	101502	28798213	0.35	28899715
110	112766	28631483	0.39	28744249
111	102820	28525993	0.36	28628813
112	103233	28388981	0.36	28492214
113	110388	28261345	0.39	28371733
114	103661	28098433	0.37	28202094
115	107639	27912978	0.38	28020617
116	112537	27716896	0.40	27829433
117	106332	27482862	0.39	27589194
118	109744	27196878	0.40	27306622
119	105053	26934127	0.39	27039180
120	105868	26640310	0.40	26746178
121	104964	26335960	0.40	26440924
122	105283	25997691	0.40	26102974
123	104850	25650820	0.41	25755670
124	105081	25297724	0.41	25402805
125	105258	24930106	0.42	25035364
126	120035	24496042	0.49	24616077
127	103277	24119293	0.43	24222570
128	102187	23734381	0.43	23836568
129	116723	23325135	0.50	23441858
130	100713	22948437	0.44	23049150
131	101155	22534997	0.45	22636152
132	97684	22128330	0.44	22226014
133	96134	21722539	0.44	21818673
134	94703	21278281	0.44	21372984
135	93748	20838457	0.45	20932205
136	97176	20414890	0.47	20512066
137	94460	20026590	0.47	20121050
138	89922	19661298	0.46	19751220
139	101626	19238510	0.53	19340136
140	86906	18856777	0.46	18943683
141	84736	18453496	0.46	18538232
142	83818	18058854	0.46	18142672
143	89509	17671660	0.50	17761169
144	81432	17291111	0.47	17372543
145	78712	16891689	0.46	16970401
146	77061	16492898	0.47	16569959
147	73987	16073516	0.46	16147503
148	68091	15566005	0.44	15634096
149	53557	12300405	0.43	12353962
150	31046	0	100.00	31046

