CpG context
===========
position	count methylated	count unmethylated	% methylation	coverage
1	3137771	582770	84.34	3720541
2	3033989	548740	84.68	3582729
3	2846406	571768	83.27	3418174
4	2665335	494693	84.35	3160028
5	2561186	494086	83.83	3055272
6	2692802	540809	83.28	3233611
7	2528233	502331	83.42	3030564
8	2577870	517349	83.29	3095219
9	2740464	532943	83.72	3273407
10	2708337	529426	83.65	3237763
11	2662592	524914	83.53	3187506
12	2711635	527500	83.71	3239135
13	2715885	526460	83.76	3242345
14	2766038	529993	83.92	3296031
15	2764028	531644	83.87	3295672
16	2851397	541212	84.05	3392609
17	2839723	541359	83.99	3381082
18	2830730	541034	83.95	3371764
19	2821077	539246	83.95	3360323
20	2862455	561762	83.59	3424217
21	2843875	560520	83.54	3404395
22	2868304	561054	83.64	3429358
23	2890574	562703	83.71	3453277
24	2910305	564515	83.75	3474820
25	2923363	565014	83.80	3488377
26	2898522	563846	83.72	3462368
27	2901243	565776	83.68	3467019
28	2890311	563577	83.68	3453888
29	2897280	565455	83.67	3462735
30	2947106	569122	83.81	3516228
31	2955836	569712	83.84	3525548
32	2996687	573141	83.94	3569828
33	2965103	571058	83.85	3536161
34	2929408	567201	83.78	3496609
35	2911882	563862	83.78	3475744
36	2924033	565583	83.79	3489616
37	2939217	567136	83.83	3506353
38	2960263	569642	83.86	3529905
39	2961252	569000	83.88	3530252
40	2995058	571271	83.98	3566329
41	2950980	566215	83.90	3517195
42	2936723	565671	83.85	3502394
43	2943961	566505	83.86	3510466
44	2941160	563888	83.91	3505048
45	2946054	565326	83.90	3511380
46	2955521	567390	83.89	3522911
47	2953608	563844	83.97	3517452
48	2932545	564158	83.87	3496703
49	2952052	565315	83.93	3517367
50	2929814	564803	83.84	3494617
51	2906638	556492	83.93	3463130
52	2900883	556215	83.91	3457098
53	2909039	557675	83.91	3466714
54	2932803	559827	83.97	3492630
55	2903917	556061	83.93	3459978
56	2908141	554731	83.98	3462872
57	2888528	554018	83.91	3442546
58	2892258	554248	83.92	3446506
59	2852508	550214	83.83	3402722
60	2850797	548411	83.87	3399208
61	2831073	542773	83.91	3373846
62	2849435	545467	83.93	3394902
63	2860367	546123	83.97	3406490
64	2849648	542698	84.00	3392346
65	2781768	534669	83.88	3316437
66	2747759	532128	83.78	3279887
67	2746025	531050	83.80	3277075
68	2751949	530762	83.83	3282711
69	2742002	530219	83.80	3272221
70	2735997	527787	83.83	3263784
71	2698141	520728	83.82	3218869
72	2708561	521492	83.86	3230053
73	2673440	517974	83.77	3191414
74	2640240	511748	83.76	3151988
75	2577867	516025	83.32	3093892
76	2566884	497648	83.76	3064532
77	2565464	496888	83.77	3062352
78	2567471	496871	83.79	3064342
79	2525382	489143	83.77	3014525
80	2462575	479198	83.71	2941773
81	2418741	467244	83.81	2885985
82	2419463	463792	83.91	2883255
83	2387051	462618	83.77	2849669
84	2328363	462603	83.42	2790966
85	2101198	430533	82.99	2531731

CHG context
===========
position	count methylated	count unmethylated	% methylation	coverage
1	601663	16290092	3.56	16891755
2	385558	16082766	2.34	16468324
3	266326	12364460	2.11	12630786
4	249762	13396160	1.83	13645922
5	239205	14216883	1.65	14456088
6	231493	14471322	1.57	14702815
7	239594	14239452	1.65	14479046
8	236315	14649005	1.59	14885320
9	253312	14852383	1.68	15105695
10	243335	14594580	1.64	14837915
11	239255	14478187	1.63	14717442
12	242953	14677894	1.63	14920847
13	245087	14739004	1.64	14984091
14	245948	14910798	1.62	15156746
15	247005	14994301	1.62	15241306
16	254173	14977740	1.67	15231913
17	254119	14964759	1.67	15218878
18	249628	15051137	1.63	15300765
19	253211	15099084	1.65	15352295
20	254092	15261137	1.64	15515229
21	254427	15158569	1.65	15412996
22	256564	15273447	1.65	15530011
23	261844	15282955	1.68	15544799
24	273528	15625138	1.72	15898666
25	266946	15420692	1.70	15687638
26	267817	15333928	1.72	15601745
27	265542	15269073	1.71	15534615
28	260751	15329520	1.67	15590271
29	267877	15469483	1.70	15737360
30	268068	15444022	1.71	15712090
31	264723	15456806	1.68	15721529
32	266915	15486641	1.69	15753556
33	267591	15501274	1.70	15768865
34	263530	15385211	1.68	15648741
35	262113	15384627	1.68	15646740
36	264823	15299434	1.70	15564257
37	266955	15439055	1.70	15706010
38	270687	15521660	1.71	15792347
39	270705	15530098	1.71	15800803
40	269179	15429650	1.71	15698829
41	266731	15360548	1.71	15627279
42	271380	15423886	1.73	15695266
43	273964	15460309	1.74	15734273
44	268355	15429529	1.71	15697884
45	269505	15496473	1.71	15765978
46	266082	15430215	1.70	15696297
47	266509	15481626	1.69	15748135
48	267728	15524835	1.70	15792563
49	269788	15535299	1.71	15805087
50	266742	15445675	1.70	15712417
51	264916	15274929	1.70	15539845
52	260586	15219130	1.68	15479716
53	261086	15312346	1.68	15573432
54	259489	15268437	1.67	15527926
55	268179	15272169	1.73	15540348
56	264149	15266660	1.70	15530809
57	259930	15239915	1.68	15499845
58	259668	15124382	1.69	15384050
59	253322	15024580	1.66	15277902
60	251368	14953961	1.65	15205329
61	254228	14984732	1.67	15238960
62	259408	15110143	1.69	15369551
63	258083	15059630	1.68	15317713
64	259195	15002009	1.70	15261204
65	256525	14875595	1.70	15132120
66	250522	14759741	1.67	15010263
67	252959	14747639	1.69	15000598
68	253281	14788080	1.68	15041361
69	249852	14726320	1.67	14976172
70	248863	14570638	1.68	14819501
71	244953	14418702	1.67	14663655
72	245061	14387110	1.67	14632171
73	242793	14287786	1.67	14530579
74	245001	14221893	1.69	14466894
75	238336	14126814	1.66	14365150
76	238837	13901831	1.69	14140668
77	236751	13844837	1.68	14081588
78	234995	13755772	1.68	13990767
79	228356	13527438	1.66	13755794
80	226132	13423615	1.66	13649747
81	219712	13257175	1.63	13476887
82	220318	13206569	1.64	13426887
83	218271	13069395	1.64	13287666
84	212017	12686624	1.64	12898641
85	208057	12614709	1.62	12822766

CHH context
===========
position	count methylated	count unmethylated	% methylation	coverage
1	1061290	36952320	2.79	38013610
2	593706	36134870	1.62	36728576
3	448317	37549722	1.18	37998039
4	415699	41015198	1.00	41430897
5	369213	42799956	0.86	43169169
6	359694	44374893	0.80	44734587
7	360806	42686219	0.84	43047025
8	353160	43557330	0.80	43910490
9	357785	43604282	0.81	43962067
10	356930	43324949	0.82	43681879
11	351800	43401849	0.80	43753649
12	352842	43461229	0.81	43814071
13	350609	43166621	0.81	43517230
14	350225	43071826	0.81	43422051
15	350886	42840609	0.81	43191495
16	356157	42744846	0.83	43101003
17	362896	42882144	0.84	43245040
18	351559	43036269	0.81	43387828
19	359362	42989608	0.83	43348970
20	365208	42809995	0.85	43175203
21	363581	42732913	0.84	43096494
22	364492	42850813	0.84	43215305
23	364921	42855912	0.84	43220833
24	364933	42577937	0.85	42942870
25	364532	42304267	0.85	42668799
26	362068	42162464	0.85	42524532
27	368990	42492826	0.86	42861816
28	364511	42255945	0.86	42620456
29	362168	42241489	0.85	42603657
30	366759	42235771	0.86	42602530
31	365779	42238456	0.86	42604235
32	365452	42180356	0.86	42545808
33	368479	42020985	0.87	42389464
34	363347	41998670	0.86	42362017
35	363449	42140076	0.86	42503525
36	373379	42079890	0.88	42453269
37	372913	42133738	0.88	42506651
38	363249	42178100	0.85	42541349
39	373235	42042350	0.88	42415585
40	370424	42076946	0.87	42447370
41	366922	42133918	0.86	42500840
42	367362	42154033	0.86	42521395
43	374951	42058364	0.88	42433315
44	363811	42179401	0.86	42543212
45	366098	42097386	0.86	42463484
46	364754	42090846	0.86	42455600
47	362468	42151612	0.85	42514080
48	360112	42257847	0.84	42617959
49	360578	42191766	0.85	42552344
50	360882	42199547	0.85	42560429
51	364117	42043320	0.86	42407437
52	358763	42123806	0.84	42482569
53	355035	42070618	0.84	42425653
54	356945	42191303	0.84	42548248
55	373142	41994878	0.88	42368020
56	356654	41941793	0.84	42298447
57	354500	41764505	0.84	42119005
58	357205	41766153	0.85	42123358
59	352900	41763233	0.84	42116133
60	353397	41949852	0.84	42303249
61	353013	41882971	0.84	42235984
62	352085	41769011	0.84	42121096
63	354102	41635982	0.84	41990084
64	355791	41508515	0.85	41864306
65	355677	41427911	0.85	41783588
66	347586	41413178	0.83	41760764
67	353095	41363672	0.85	41716767
68	352103	41220147	0.85	41572250
69	344083	41102799	0.83	41446882
70	347013	40863838	0.84	41210851
71	343815	40849358	0.83	41193173
72	343747	40752416	0.84	41096163
73	339247	40583493	0.83	40922740
74	343849	40374312	0.84	40718161
75	337005	40276198	0.83	40613203
76	343633	39752877	0.86	40096510
77	333153	39542222	0.84	39875375
78	330881	39233131	0.84	39564012
79	324524	39079431	0.82	39403955
80	327349	38979133	0.83	39306482
81	316171	38679891	0.81	38996062
82	315287	38164118	0.82	38479405
83	311266	37595988	0.82	37907254
84	304973	37242908	0.81	37547881
85	281691	36343382	0.77	36625073

