CpG context (R1)
================
position	count methylated	count unmethylated	% methylation	coverage
1	1136585	553531	67.25	1690116
2	848692	555447	60.44	1404139
3	1045258	581629	64.25	1626887
4	1307951	585263	69.09	1893214
5	1183308	550503	68.25	1733811
6	1244967	625726	66.55	1870693
7	1182847	568756	67.53	1751603
8	1287656	619403	67.52	1907059
9	1300462	627906	67.44	1928368
10	1277638	599382	68.07	1877020
11	1188544	595511	66.62	1784055
12	1225725	599144	67.17	1824869
13	1207732	599708	66.82	1807440
14	1218253	604463	66.84	1822716
15	1216245	606966	66.71	1823211
16	1280921	617873	67.46	1898794
17	1266219	617593	67.22	1883812
18	1237666	620733	66.60	1858399
19	1240578	619320	66.70	1859898
20	1276063	627528	67.03	1903591
21	1273597	627457	66.99	1901054
22	1270936	626621	66.98	1897557
23	1274429	626567	67.04	1900996
24	1287423	632921	67.04	1920344
25	1268074	626798	66.92	1894872
26	1243300	624983	66.55	1868283
27	1255558	628061	66.66	1883619
28	1260300	626661	66.79	1886961
29	1252203	625970	66.67	1878173
30	1280657	631842	66.96	1912499
31	1272906	627325	66.99	1900231
32	1299668	635897	67.15	1935565
33	1266925	630677	66.76	1897602
34	1249630	623898	66.70	1873528
35	1247901	624856	66.63	1872757
36	1282151	630890	67.02	1913041
37	1279673	630035	67.01	1909708
38	1277310	630085	66.97	1907395
39	1275705	631572	66.89	1907277
40	1300026	635569	67.16	1935595
41	1264026	627852	66.81	1891878
42	1262433	629463	66.73	1891896
43	1268494	628729	66.86	1897223
44	1280371	631034	66.99	1911405
45	1280393	631082	66.98	1911475
46	1277236	628868	67.01	1906104
47	1267806	626524	66.93	1894330
48	1266622	628492	66.84	1895114
49	1274790	628972	66.96	1903762
50	1260893	625453	66.84	1886346
51	1250434	627284	66.59	1877718
52	1265068	626946	66.86	1892014
53	1271941	627238	66.97	1899179
54	1287748	630540	67.13	1918288
55	1267744	624315	67.00	1892059
56	1281286	628065	67.11	1909351
57	1250543	622919	66.75	1873462
58	1260328	622744	66.93	1883072
59	1259970	622376	66.94	1882346
60	1262570	623814	66.93	1886384
61	1250914	618565	66.91	1869479
62	1264962	620131	67.10	1885093
63	1273121	619989	67.25	1893110
64	1258107	616193	67.12	1874300
65	1234547	611753	66.87	1846300
66	1230987	609979	66.87	1840966
67	1234325	608513	66.98	1842838
68	1247822	611933	67.10	1859755
69	1249486	612075	67.12	1861561
70	1246011	609784	67.14	1855795
71	1250777	606205	67.36	1856982
72	1247188	608717	67.20	1855905
73	1218775	601756	66.95	1820531
74	1218824	602634	66.91	1821458
75	1224553	598330	67.18	1822883
76	1234105	601442	67.23	1835547
77	1200982	593802	66.92	1794784
78	1218917	599861	67.02	1818778
79	1199794	592753	66.93	1792547
80	1202142	591625	67.02	1793767
81	1193239	589316	66.94	1782555
82	1187839	586223	66.96	1774062
83	1176307	582588	66.88	1758895
84	1172063	580873	66.86	1752936
85	1161469	577966	66.77	1739435
86	1167382	576306	66.95	1743688
87	1152418	571025	66.87	1723443
88	1156643	571341	66.94	1727984
89	1135651	566271	66.73	1701922
90	1116937	559443	66.63	1676380
91	1103915	551819	66.67	1655734
92	1090575	547235	66.59	1637810
93	1074213	539915	66.55	1614128
94	1066707	532020	66.72	1598727
95	1029992	519072	66.49	1549064
96	1000589	508228	66.32	1508817
97	967180	493694	66.21	1460874
98	943870	470381	66.74	1414251
99	812069	386203	67.77	1198272

CHG context (R1)
================
position	count methylated	count unmethylated	% methylation	coverage
1	15169	6269311	0.24	6284480
2	9288	6808395	0.14	6817683
3	8439	6495021	0.13	6503460
4	8855	6520123	0.14	6528978
5	8139	6099742	0.13	6107881
6	8437	6390971	0.13	6399408
7	8726	6497240	0.13	6505966
8	9012	6751962	0.13	6760974
9	9145	6660117	0.14	6669262
10	8595	6361333	0.13	6369928
11	8036	6378800	0.13	6386836
12	8109	6488870	0.12	6496979
13	8136	6510521	0.12	6518657
14	8246	6556953	0.13	6565199
15	8224	6705687	0.12	6713911
16	8310	6705128	0.12	6713438
17	8296	6656266	0.12	6664562
18	8095	6696170	0.12	6704265
19	8497	6790951	0.12	6799448
20	8619	6888089	0.12	6896708
21	8374	6819706	0.12	6828080
22	8704	6846373	0.13	6855077
23	8562	6834098	0.13	6842660
24	8751	7017613	0.12	7026364
25	8449	6829821	0.12	6838270
26	8586	6848463	0.13	6857049
27	8736	6858834	0.13	6867570
28	8735	6922666	0.13	6931401
29	8826	6965167	0.13	6973993
30	8614	6904125	0.12	6912739
31	8756	6906757	0.13	6915513
32	8937	6911481	0.13	6920418
33	8702	6928757	0.13	6937459
34	8567	6839588	0.13	6848155
35	8552	6872992	0.12	6881544
36	8783	6843864	0.13	6852647
37	8788	6935687	0.13	6944475
38	8775	6919963	0.13	6928738
39	8778	6916309	0.13	6925087
40	8830	6874483	0.13	6883313
41	8723	6857128	0.13	6865851
42	8661	6862853	0.13	6871514
43	8735	6940494	0.13	6949229
44	8650	6886386	0.13	6895036
45	8655	6925318	0.12	6933973
46	8694	6886229	0.13	6894923
47	8735	6888503	0.13	6897238
48	8648	6899985	0.13	6908633
49	8785	6886959	0.13	6895744
50	8728	6870338	0.13	6879066
51	8794	6851003	0.13	6859797
52	8561	6832952	0.13	6841513
53	8848	6852321	0.13	6861169
54	8560	6791346	0.13	6799906
55	8461	6797567	0.12	6806028
56	8528	6797886	0.13	6806414
57	8406	6779076	0.12	6787482
58	8389	6774050	0.12	6782439
59	8395	6774676	0.12	6783071
60	8489	6759347	0.13	6767836
61	8397	6779867	0.12	6788264
62	8560	6855013	0.12	6863573
63	8410	6787959	0.12	6796369
64	8319	6767581	0.12	6775900
65	8380	6720954	0.12	6729334
66	8125	6728156	0.12	6736281
67	8227	6744568	0.12	6752795
68	8286	6780594	0.12	6788880
69	8316	6740332	0.12	6748648
70	8319	6699330	0.12	6707649
71	8246	6672251	0.12	6680497
72	8224	6649424	0.12	6657648
73	8032	6594936	0.12	6602968
74	8376	6570579	0.13	6578955
75	8437	6568117	0.13	6576554
76	8157	6555649	0.12	6563806
77	8183	6551269	0.12	6559452
78	8165	6548279	0.12	6556444
79	7934	6475658	0.12	6483592
80	8003	6485675	0.12	6493678
81	7972	6456805	0.12	6464777
82	7834	6453246	0.12	6461080
83	7878	6410971	0.12	6418849
84	7769	6429119	0.12	6436888
85	7882	6437028	0.12	6444910
86	7746	6397925	0.12	6405671
87	7808	6379782	0.12	6387590
88	7549	6343319	0.12	6350868
89	7515	6292037	0.12	6299552
90	7276	6197369	0.12	6204645
91	7509	6165275	0.12	6172784
92	7331	6108443	0.12	6115774
93	7222	6066782	0.12	6074004
94	7030	5966345	0.12	5973375
95	6862	5869502	0.12	5876364
96	6713	5814906	0.12	5821619
97	6825	5748716	0.12	5755541
98	6441	5544502	0.12	5550943
99	5509	4831482	0.11	4836991

CHH context (R1)
================
position	count methylated	count unmethylated	% methylation	coverage
1	32830	15306216	0.21	15339046
2	19568	15623475	0.13	15643043
3	19514	15188844	0.13	15208358
4	20584	14839099	0.14	14859683
5	18834	15038516	0.13	15057350
6	20367	16185958	0.13	16206325
7	19791	15518369	0.13	15538160
8	20187	15677774	0.13	15697961
9	20344	15351673	0.13	15372017
10	20107	15115146	0.13	15135253
11	19152	15379119	0.12	15398271
12	19346	15658129	0.12	15677475
13	18961	15662178	0.12	15681139
14	19350	15785357	0.12	15804707
15	19448	15715736	0.12	15735184
16	19978	15712862	0.13	15732840
17	19695	15772174	0.12	15791869
18	19416	15844689	0.12	15864105
19	19467	15883422	0.12	15902889
20	19466	15759257	0.12	15778723
21	19396	15763631	0.12	15783027
22	19323	15818619	0.12	15837942
23	19400	15773249	0.12	15792649
24	19485	15640993	0.12	15660478
25	19731	15684592	0.13	15704323
26	19520	15674328	0.12	15693848
27	19071	15810850	0.12	15829921
28	19103	15616016	0.12	15635119
29	19323	15523966	0.12	15543289
30	19242	15579006	0.12	15598248
31	19255	15529829	0.12	15549084
32	19020	15527620	0.12	15546640
33	19471	15484238	0.13	15503709
34	19205	15579904	0.12	15599109
35	19254	15595008	0.12	15614262
36	19120	15492105	0.12	15511225
37	19341	15448658	0.13	15467999
38	19132	15494683	0.12	15513815
39	19316	15477815	0.12	15497131
40	19335	15435751	0.13	15455086
41	19267	15407601	0.12	15426868
42	19038	15450433	0.12	15469471
43	19385	15446976	0.13	15466361
44	18941	15449256	0.12	15468197
45	18902	15380870	0.12	15399772
46	19313	15416518	0.13	15435831
47	19004	15425792	0.12	15444796
48	18950	15461596	0.12	15480546
49	19048	15446447	0.12	15465495
50	18971	15441211	0.12	15460182
51	18850	15421219	0.12	15440069
52	18865	15440252	0.12	15459117
53	18865	15365094	0.12	15383959
54	18650	15366765	0.12	15385415
55	18970	15325144	0.12	15344114
56	19143	15397393	0.12	15416536
57	18408	15326573	0.12	15344981
58	18602	15338618	0.12	15357220
59	18878	15345374	0.12	15364252
60	19027	15413169	0.12	15432196
61	18769	15340798	0.12	15359567
62	18775	15311479	0.12	15330254
63	18853	15290094	0.12	15308947
64	18625	15262389	0.12	15281014
65	18601	15319821	0.12	15338422
66	18453	15376575	0.12	15395028
67	18556	15393549	0.12	15412105
68	18589	15323726	0.12	15342315
69	18496	15272466	0.12	15290962
70	18268	15164044	0.12	15182312
71	18154	15180465	0.12	15198619
72	18300	15152421	0.12	15170721
73	18057	15133807	0.12	15151864
74	18304	15080908	0.12	15099212
75	18386	15055416	0.12	15073802
76	18184	15042068	0.12	15060252
77	17927	14989767	0.12	15007694
78	18135	14956577	0.12	14974712
79	18222	14924841	0.12	14943063
80	17824	14909363	0.12	14927187
81	17932	14876771	0.12	14894703
82	17747	14796450	0.12	14814197
83	17740	14733807	0.12	14751547
84	17517	14769374	0.12	14786891
85	17511	14753183	0.12	14770694
86	17846	14679034	0.12	14696880
87	17723	14639312	0.12	14657035
88	17183	14571035	0.12	14588218
89	17508	14490331	0.12	14507839
90	16719	14497053	0.12	14513772
91	16682	14442412	0.12	14459094
92	16512	14366356	0.11	14382868
93	16108	14248923	0.11	14265031
94	16221	14186713	0.11	14202934
95	15754	14029027	0.11	14044781
96	15500	13914276	0.11	13929776
97	14884	13585394	0.11	13600278
98	14335	12781520	0.11	12795855
99	11564	11638400	0.10	11649964

CpG context (R2)
================
position	count methylated	count unmethylated	% methylation	coverage
1	161364	3394267	4.54	3555631
2	656115	915828	41.74	1571943
3	707099	626575	53.02	1333674
4	1025926	641350	61.53	1667276
5	1262486	713135	63.90	1975621
6	1129188	594037	65.53	1723225
7	1218293	718667	62.90	1936960
8	1095260	619942	63.86	1715202
9	1153938	680764	62.90	1834702
10	1149484	690616	62.47	1840100
11	1183224	659090	64.22	1842314
12	1144413	643156	64.02	1787569
13	1151143	644975	64.09	1796118
14	1145087	637185	64.25	1782272
15	1146242	645048	63.99	1791290
16	1153451	643298	64.20	1796749
17	1195768	652714	64.69	1848482
18	1194134	645248	64.92	1839382
19	1157072	649858	64.04	1806930
20	1169793	643720	64.50	1813513
21	1193328	653053	64.63	1846381
22	1192208	653898	64.58	1846106
23	1202792	646394	65.04	1849186
24	1189058	652190	64.58	1841248
25	1193874	652214	64.67	1846088
26	1185296	644840	64.77	1830136
27	1179904	644033	64.69	1823937
28	1174241	646258	64.50	1820499
29	1170171	646023	64.43	1816194
30	1163840	647759	64.24	1811599
31	1197771	645350	64.99	1843121
32	1207990	647013	65.12	1855003
33	1226746	649250	65.39	1875996
34	1206736	644697	65.18	1851433
35	1170260	644279	64.49	1814539
36	1187828	648399	64.69	1836227
37	1224081	648480	65.37	1872561
38	1227937	649171	65.42	1877108
39	1260638	646059	66.12	1906697
40	1237426	647119	65.66	1884545
41	1252135	657010	65.59	1909145
42	1219895	651066	65.20	1870961
43	1250380	648151	65.86	1898531
44	1247715	652612	65.66	1900327
45	1271533	656226	65.96	1927759
46	1268556	649198	66.15	1917754
47	1260006	648364	66.03	1908370
48	1269488	649260	66.16	1918748
49	1259658	650319	65.95	1909977
50	1276640	651021	66.23	1927661
51	1255648	649001	65.93	1904649
52	1242723	645823	65.80	1888546
53	1271104	645295	66.33	1916399
54	1264842	650903	66.02	1915745
55	1244649	655168	65.51	1899817
56	1245651	648232	65.77	1893883
57	1269826	647670	66.22	1917496
58	1241880	642401	65.91	1884281
59	1248922	645252	65.93	1894174
60	1251732	641450	66.12	1893182
61	1265100	643627	66.28	1908727
62	1244671	639512	66.06	1884183
63	1256877	643508	66.14	1900385
64	1265617	642173	66.34	1907790
65	1265733	639435	66.44	1905168
66	1242244	636416	66.12	1878660
67	1236164	638126	65.95	1874290
68	1235112	639585	65.88	1874697
69	1247260	642677	65.99	1889937
70	1253622	639339	66.23	1892961
71	1259950	641541	66.26	1901491
72	1253241	638103	66.26	1891344
73	1254851	640549	66.21	1895400
74	1236915	631548	66.20	1868463
75	1244973	630451	66.38	1875424
76	1237662	634500	66.11	1872162
77	1251133	636341	66.29	1887474
78	1222043	631047	65.95	1853090
79	1230424	632582	66.05	1863006
80	1225420	630093	66.04	1855513
81	1224045	629971	66.02	1854016
82	1222126	627393	66.08	1849519
83	1223703	626423	66.14	1850126
84	1216963	626517	66.01	1843480
85	1218265	628822	65.96	1847087
86	1208779	623376	65.98	1832155
87	1217786	623163	66.15	1840949
88	1204929	620231	66.02	1825160
89	1198742	621487	65.86	1820229
90	1189669	620466	65.72	1810135
91	1183262	616175	65.76	1799437
92	1178934	613283	65.78	1792217
93	1172919	611016	65.75	1783935
94	1173122	608792	65.83	1781914
95	1172525	606108	65.92	1778633
96	1150499	601659	65.66	1752158
97	1118311	595019	65.27	1713330
98	1076237	585514	64.77	1661751
99	1038520	575272	64.35	1613792
100	987778	542388	64.55	1530166
101	777293	0	100.00	777293

CHG context (R2)
================
position	count methylated	count unmethylated	% methylation	coverage
1	10394	5682546	0.18	5692940
2	10068	8147247	0.12	8157315
3	6828	6378170	0.11	6384998
4	8292	6017117	0.14	6025409
5	8867	7028171	0.13	7037038
6	8659	7305914	0.12	7314573
7	6920	5740276	0.12	5747196
8	8347	7066960	0.12	7075307
9	8129	6862094	0.12	6870223
10	8913	6886101	0.13	6895014
11	8654	6817635	0.13	6826289
12	8017	6690960	0.12	6698977
13	7996	6543579	0.12	6551575
14	7966	6603945	0.12	6611911
15	8140	6619824	0.12	6627964
16	7830	6633039	0.12	6640869
17	8305	6771738	0.12	6780043
18	8089	6800175	0.12	6808264
19	8185	6680244	0.12	6688429
20	8138	6765054	0.12	6773192
21	8290	6802886	0.12	6811176
22	8192	6890149	0.12	6898341
23	8304	6842265	0.12	6850569
24	8048	6902923	0.12	6910971
25	8171	6837199	0.12	6845370
26	8437	7045353	0.12	7053790
27	8184	6876394	0.12	6884578
28	8241	6927309	0.12	6935550
29	8254	6945656	0.12	6953910
30	8328	7008494	0.12	7016822
31	8565	6994851	0.12	7003416
32	8457	6981552	0.12	6990009
33	8620	6963743	0.12	6972363
34	8314	6955759	0.12	6964073
35	8690	6979225	0.12	6987915
36	8565	6874495	0.12	6883060
37	8442	6901194	0.12	6909636
38	8197	6908158	0.12	6916355
39	8325	6949774	0.12	6958099
40	8292	6926902	0.12	6935194
41	8617	6902948	0.12	6911565
42	8388	6900453	0.12	6908841
43	8261	6891743	0.12	6900004
44	8358	6891016	0.12	6899374
45	8668	6934067	0.12	6942735
46	8332	6915248	0.12	6923580
47	8447	6957369	0.12	6965816
48	8572	6909600	0.12	6918172
49	8469	6933844	0.12	6942313
50	8175	6914781	0.12	6922956
51	8260	6923032	0.12	6931292
52	8365	6924481	0.12	6932846
53	8099	6904074	0.12	6912173
54	8352	6903850	0.12	6912202
55	8727	6967748	0.13	6976475
56	8340	6927178	0.12	6935518
57	8347	6921649	0.12	6929996
58	8368	6933758	0.12	6942126
59	8316	6935641	0.12	6943957
60	8476	6908391	0.12	6916867
61	8459	6923295	0.12	6931754
62	8542	6910663	0.12	6919205
63	8530	6900638	0.12	6909168
64	8291	6948675	0.12	6956966
65	8321	6904360	0.12	6912681
66	8397	6903344	0.12	6911741
67	8381	6859080	0.12	6867461
68	8197	6873500	0.12	6881697
69	8204	6851260	0.12	6859464
70	8350	6892960	0.12	6901310
71	8515	6875170	0.12	6883685
72	8459	6870634	0.12	6879093
73	8364	6847975	0.12	6856339
74	8260	6857520	0.12	6865780
75	8245	6801422	0.12	6809667
76	7891	6807495	0.12	6815386
77	8004	6819437	0.12	6827441
78	7702	6829775	0.11	6837477
79	8035	6798818	0.12	6806853
80	8062	6826485	0.12	6834547
81	7892	6745878	0.12	6753770
82	7716	6766646	0.11	6774362
83	7800	6703720	0.12	6711520
84	7645	6733808	0.11	6741453
85	7686	6685640	0.11	6693326
86	7846	6703669	0.12	6711515
87	7796	6713193	0.12	6720989
88	7548	6693873	0.11	6701421
89	7639	6678542	0.11	6686181
90	7769	6662517	0.12	6670286
91	7682	6660515	0.12	6668197
92	7597	6605878	0.11	6613475
93	7473	6609269	0.11	6616742
94	7624	6586210	0.12	6593834
95	7500	6548904	0.11	6556404
96	7297	6513897	0.11	6521194
97	7155	6452989	0.11	6460144
98	6937	6399731	0.11	6406668
99	6545	6299501	0.10	6306046
100	5781	5954330	0.10	5960111
101	4291	0	100.00	4291

CHH context (R2)
================
position	count methylated	count unmethylated	% methylation	coverage
1	28385	15605570	0.18	15633955
2	19555	16457185	0.12	16476740
3	20728	17251609	0.12	17272337
4	22217	17423419	0.13	17445636
5	21340	18570939	0.11	18592279
6	20820	18270811	0.11	18291631
7	20250	17393517	0.12	17413767
8	18751	16407797	0.11	16426548
9	18949	17136778	0.11	17155727
10	21404	17300299	0.12	17321703
11	20556	17102614	0.12	17123170
12	19626	16797660	0.12	16817286
13	19880	16752630	0.12	16772510
14	19409	16664816	0.12	16684225
15	19450	16680245	0.12	16699695
16	18726	16566710	0.11	16585436
17	19002	16546384	0.11	16565386
18	18963	16537508	0.11	16556471
19	18872	16592103	0.11	16610975
20	19067	16567388	0.11	16586455
21	18970	16573551	0.11	16592521
22	18634	16520750	0.11	16539384
23	19040	16581078	0.11	16600118
24	18919	16566408	0.11	16585327
25	19011	16574574	0.11	16593585
26	18650	16494047	0.11	16512697
27	18634	16705739	0.11	16724373
28	18919	16611192	0.11	16630111
29	19316	16683336	0.12	16702652
30	18685	16669971	0.11	16688656
31	19306	16726147	0.12	16745453
32	19282	16688151	0.12	16707433
33	19266	16730564	0.12	16749830
34	19207	16628357	0.12	16647564
35	19485	16628847	0.12	16648332
36	19306	16652012	0.12	16671318
37	19257	16584393	0.12	16603650
38	19576	16617892	0.12	16637468
39	19118	16500596	0.12	16519714
40	19297	16538509	0.12	16557806
41	19774	16517125	0.12	16536899
42	19596	16577118	0.12	16596714
43	19701	16514619	0.12	16534320
44	19046	16439804	0.12	16458850
45	19654	16441274	0.12	16460928
46	19085	16481136	0.12	16500221
47	19100	16349998	0.12	16369098
48	19163	16387385	0.12	16406548
49	19052	16332800	0.12	16351852
50	18964	16263551	0.12	16282515
51	19081	16262163	0.12	16281244
52	18912	16277910	0.12	16296822
53	18467	16208693	0.11	16227160
54	18976	16240069	0.12	16259045
55	19160	16303145	0.12	16322305
56	18663	16185264	0.12	16203927
57	18312	16191001	0.11	16209313
58	18336	16130573	0.11	16148909
59	18826	16170552	0.12	16189378
60	18518	16052192	0.12	16070710
61	18375	16092895	0.11	16111270
62	18725	16007035	0.12	16025760
63	18545	16007712	0.12	16026257
64	18410	15927749	0.12	15946159
65	17981	16004422	0.11	16022403
66	18368	15906917	0.12	15925285
67	18326	16006319	0.11	16024645
68	18073	15879117	0.11	15897190
69	17886	15880126	0.11	15898012
70	18666	15870072	0.12	15888738
71	18440	15907809	0.12	15926249
72	18458	15827209	0.12	15845667
73	18507	15857642	0.12	15876149
74	18473	15823119	0.12	15841592
75	18597	15825148	0.12	15843745
76	17780	15744882	0.11	15762662
77	17627	15783611	0.11	15801238
78	17632	15764960	0.11	15782592
79	17561	15772583	0.11	15790144
80	17923	15720050	0.11	15737973
81	17517	15740509	0.11	15758026
82	17661	15675572	0.11	15693233
83	17823	15663074	0.11	15680897
84	17881	15630787	0.11	15648668
85	17332	15549642	0.11	15566974
86	17625	15519271	0.11	15536896
87	17410	15455358	0.11	15472768
88	17080	15452487	0.11	15469567
89	17283	15347729	0.11	15365012
90	17165	15286619	0.11	15303784
91	16878	15176023	0.11	15192901
92	16797	15144342	0.11	15161139
93	16648	15016511	0.11	15033159
94	16849	14973537	0.11	14990386
95	16523	14871155	0.11	14887678
96	16182	14806379	0.11	14822561
97	16068	14678772	0.11	14694840
98	15394	14547932	0.11	14563326
99	14372	14376475	0.10	14390847
100	12543	13616084	0.09	13628627
101	8507	0	100.00	8507

